  0.9667000     -0.8159000
  1.4762327E-06  2.8663397E-02  1.1587826E-18
  1.4916084E-06  2.8951954E-02  1.2074029E-18
  1.5071442E-06  2.9243406E-02  1.2580629E-18
  1.5228419E-06  2.9537795E-02  1.3108481E-18
  1.5387030E-06  2.9835148E-02  1.3658484E-18
  1.5547292E-06  3.0135505E-02  1.4231565E-18
  1.5709227E-06  3.0438866E-02  1.4828689E-18
  1.5872846E-06  3.0745298E-02  1.5450873E-18
  1.6038171E-06  3.1054819E-02  1.6099163E-18
  1.6205215E-06  3.1367425E-02  1.6774636E-18
  1.6374001E-06  3.1683195E-02  1.7478467E-18
  1.6544545E-06  3.2002158E-02  1.8211833E-18
  1.6716864E-06  3.2324325E-02  1.8975962E-18
  1.6890978E-06  3.2649722E-02  1.9772142E-18
  1.7066906E-06  3.2978412E-02  2.0601744E-18
  1.7244668E-06  3.3310402E-02  2.1466152E-18
  1.7424279E-06  3.3645723E-02  2.2366817E-18
  1.7605761E-06  3.3984449E-02  2.3305293E-18
  1.7789134E-06  3.4326565E-02  2.4283130E-18
  1.7974417E-06  3.4672122E-02  2.5301989E-18
  1.8161630E-06  3.5021167E-02  2.6363617E-18
  1.8350793E-06  3.5373721E-02  2.7469777E-18
  1.8541924E-06  3.5729825E-02  2.8622343E-18
  1.8735047E-06  3.6089521E-02  2.9823277E-18
  1.8930183E-06  3.6452819E-02  3.1074589E-18
  1.9127351E-06  3.6819790E-02  3.2378418E-18
  1.9326571E-06  3.7190441E-02  3.3736938E-18
  1.9527865E-06  3.7564844E-02  3.5152467E-18
  1.9731260E-06  3.7943013E-02  3.6627409E-18
  1.9936770E-06  3.8324967E-02  3.8164186E-18
  2.0144421E-06  3.8710788E-02  3.9765488E-18
  2.0354237E-06  3.9100487E-02  4.1433965E-18
  2.0566235E-06  3.9494112E-02  4.3172442E-18
  2.0780444E-06  3.9891712E-02  4.4983889E-18
  2.0996883E-06  4.0293291E-02  4.6871313E-18
  2.1215576E-06  4.0698919E-02  4.8837930E-18
  2.1436547E-06  4.1108634E-02  5.0887064E-18
  2.1659821E-06  4.1522477E-02  5.3022195E-18
  2.1885417E-06  4.1940462E-02  5.5246847E-18
  2.2113363E-06  4.2362675E-02  5.7564888E-18
  2.2343686E-06  4.2789139E-02  5.9980198E-18
  2.2576405E-06  4.3219902E-02  6.2496833E-18
  2.2811550E-06  4.3654993E-02  6.5119082E-18
  2.3049145E-06  4.4094458E-02  6.7851326E-18
  2.3289215E-06  4.4538360E-02  7.0698242E-18
  2.3531782E-06  4.4986732E-02  7.3664603E-18
  2.3776877E-06  4.5439608E-02  7.6755396E-18
  2.4024525E-06  4.5897022E-02  7.9975867E-18
  2.4274752E-06  4.6359073E-02  8.3331490E-18
  2.4527587E-06  4.6825770E-02  8.6827908E-18
  2.4783053E-06  4.7297165E-02  9.0470994E-18
  2.5041181E-06  4.7773294E-02  9.4266958E-18
  2.5301999E-06  4.8254225E-02  9.8222222E-18
  2.5565530E-06  4.8740011E-02  1.0234342E-17
  2.5831807E-06  4.9230669E-02  1.0663752E-17
  2.6100861E-06  4.9726278E-02  1.1111183E-17
  2.6372713E-06  5.0226845E-02  1.1577379E-17
  2.6647399E-06  5.0732471E-02  1.2063139E-17
  2.6924945E-06  5.1243216E-02  1.2569290E-17
  2.7205381E-06  5.1759072E-02  1.3096668E-17
  2.7488741E-06  5.2280098E-02  1.3646172E-17
  2.7775050E-06  5.2806422E-02  1.4218742E-17
  2.8064339E-06  5.3338006E-02  1.4815323E-17
  2.8356642E-06  5.3874955E-02  1.5436941E-17
  2.8651991E-06  5.4417312E-02  1.6084640E-17
  2.8950415E-06  5.4965142E-02  1.6759525E-17
  2.9251948E-06  5.5518456E-02  1.7462712E-17
  2.9556620E-06  5.6077376E-02  1.8195411E-17
  2.9864468E-06  5.6641873E-02  1.8958844E-17
  3.0175524E-06  5.7212103E-02  1.9754329E-17
  3.0489816E-06  5.7788052E-02  2.0583177E-17
  3.0807385E-06  5.8369808E-02  2.1446806E-17
  3.1128259E-06  5.8957383E-02  2.2346658E-17
  3.1452475E-06  5.9550922E-02  2.3284286E-17
  3.1780066E-06  6.0150430E-02  2.4261242E-17
  3.2111075E-06  6.0755953E-02  2.5279194E-17
  3.2445525E-06  6.1367568E-02  2.6339846E-17
  3.2783464E-06  6.1985359E-02  2.7445019E-17
  3.3124918E-06  6.2609352E-02  2.8596544E-17
  3.3469933E-06  6.3239634E-02  2.9796399E-17
  3.3818537E-06  6.3876264E-02  3.1046590E-17
  3.4170776E-06  6.4519316E-02  3.2349244E-17
  3.4526679E-06  6.5168805E-02  3.3706531E-17
  3.4886295E-06  6.5824881E-02  3.5120812E-17
  3.5249652E-06  6.6487506E-02  3.6594388E-17
  3.5616795E-06  6.7156829E-02  3.8129804E-17
  3.5987762E-06  6.7832910E-02  3.9729660E-17
  3.6362590E-06  6.8515770E-02  4.1396611E-17
  3.6741328E-06  6.9205523E-02  4.3133545E-17
  3.7124005E-06  6.9902189E-02  4.4943320E-17
  3.7510670E-06  7.0605904E-02  4.6829044E-17
  3.7901364E-06  7.1316697E-02  4.8793902E-17
  3.8296125E-06  7.2034642E-02  5.0841197E-17
  3.8694998E-06  7.2759792E-02  5.2974377E-17
  3.9098027E-06  7.3492266E-02  5.5197067E-17
  3.9505248E-06  7.4232087E-02  5.7512994E-17
  3.9916713E-06  7.4979402E-02  5.9926125E-17
  4.0332470E-06  7.5734191E-02  6.2440483E-17
  4.0752557E-06  7.6496623E-02  6.5060396E-17
  4.1177009E-06  7.7266708E-02  6.7790171E-17
  4.1605890E-06  7.8044549E-02  7.0634501E-17
  4.2039237E-06  7.8830227E-02  7.3598196E-17
  4.2477095E-06  7.9623774E-02  7.6686181E-17
  4.2919514E-06  8.0425337E-02  7.9903755E-17
  4.3366549E-06  8.1234962E-02  8.3256364E-17
  4.3818227E-06  8.2052745E-02  8.6749574E-17
  4.4274620E-06  8.2878754E-02  9.0389420E-17
  4.4735762E-06  8.3713114E-02  9.4181997E-17
  4.5201705E-06  8.4555827E-02  9.8133611E-17
  4.5672505E-06  8.5407078E-02  1.0225115E-16
  4.6148207E-06  8.6266853E-02  1.0654137E-16
  4.6628861E-06  8.7135293E-02  1.1101160E-16
  4.7114527E-06  8.8012464E-02  1.1566939E-16
  4.7605249E-06  8.8898487E-02  1.2052270E-16
  4.8101078E-06  8.9793429E-02  1.2557954E-16
  4.8602074E-06  9.0697363E-02  1.3084856E-16
  4.9108294E-06  9.1610394E-02  1.3633871E-16
  4.9619780E-06  9.2532672E-02  1.4205923E-16
  5.0136596E-06  9.3464188E-02  1.4801972E-16
  5.0658791E-06  9.4405062E-02  1.5423029E-16
  5.1186430E-06  9.5355436E-02  1.6070147E-16
  5.1719558E-06  9.6315362E-02  1.6744409E-16
  5.2258247E-06  9.7284980E-02  1.7446974E-16
  5.2802543E-06  9.8264351E-02  1.8179017E-16
  5.3352501E-06  9.9253535E-02  1.8941754E-16
  5.3908202E-06  0.1002527      1.9736508E-16
  5.4469683E-06  0.1012619      2.0564619E-16
  5.5037008E-06  0.1022813      2.1427463E-16
  5.5610249E-06  0.1033110      2.2326521E-16
  5.6189460E-06  0.1043510      2.3263297E-16
  5.6774697E-06  0.1054015      2.4239365E-16
  5.7366037E-06  0.1064626      2.5256397E-16
  5.7963530E-06  0.1075343      2.6316104E-16
  5.8567243E-06  0.1086169      2.7420264E-16
  5.9177260E-06  0.1097103      2.8570763E-16
  5.9793620E-06  0.1108148      2.9769526E-16
  6.0416396E-06  0.1119303      3.1018579E-16
  6.1045662E-06  0.1130571      3.2320072E-16
  6.1681490E-06  0.1141953      3.3676167E-16
  6.2323925E-06  0.1153448      3.5089107E-16
  6.2973063E-06  0.1165060      3.6561391E-16
  6.3628963E-06  0.1176789      3.8095437E-16
  6.4291689E-06  0.1188635      3.9693822E-16
  6.4961318E-06  0.1200601      4.1359290E-16
  6.5637919E-06  0.1212687      4.3094630E-16
  6.6321577E-06  0.1224895      4.4902805E-16
  6.7012347E-06  0.1237226      4.6786823E-16
  6.7710316E-06  0.1249681      4.8749891E-16
  6.8415552E-06  0.1262262      5.0795327E-16
  6.9128137E-06  0.1274969      5.2926615E-16
  6.9848138E-06  0.1287804      5.5147282E-16
  7.0575643E-06  0.1300768      5.7461132E-16
  7.1310715E-06  0.1313863      5.9872063E-16
  7.2053463E-06  0.1327090      6.2384220E-16
  7.2803932E-06  0.1340449      6.5001700E-16
  7.3562219E-06  0.1353943      6.7729014E-16
  7.4328409E-06  0.1367573      7.0570788E-16
  7.5102580E-06  0.1381340      7.3531788E-16
  7.5884809E-06  0.1395246      7.6617021E-16
  7.6675187E-06  0.1409292      7.9831691E-16
  7.7473796E-06  0.1423479      8.3181272E-16
  7.8280718E-06  0.1437809      8.6671333E-16
  7.9096062E-06  0.1452284      9.0307953E-16
  7.9919892E-06  0.1466903      9.4097038E-16
  8.0752279E-06  0.1481671      9.8045133E-16
  8.1593362E-06  0.1496587      1.0215893E-15
  8.2443203E-06  0.1511653      1.0644532E-15
  8.3301884E-06  0.1526870      1.1091150E-15
  8.4169515E-06  0.1542241      1.1556505E-15
  8.5046186E-06  0.1557766      1.2041393E-15
  8.5931988E-06  0.1573449      1.2546629E-15
  8.6827004E-06  0.1589288      1.3073055E-15
  8.7731360E-06  0.1605288      1.3621577E-15
  8.8645129E-06  0.1621449      1.4193113E-15
  8.9568402E-06  0.1637771      1.4788613E-15
  9.0501308E-06  0.1654258      1.5409114E-15
  9.1443917E-06  0.1670911      1.6055642E-15
  9.2396349E-06  0.1687732      1.6729301E-15
  9.3358713E-06  0.1704722      1.7431232E-15
  9.4331090E-06  0.1721883      1.8162606E-15
  9.5313590E-06  0.1739218      1.8924671E-15
  9.6306330E-06  0.1756726      1.9718713E-15
  9.7309412E-06  0.1774410      2.0546059E-15
  9.8322935E-06  0.1792274      2.1408125E-15
  9.9347017E-06  0.1810316      2.2306369E-15
  1.0038177E-05  0.1828540      2.3242292E-15
  1.0142729E-05  0.1846949      2.4217491E-15
  1.0248371E-05  0.1865541      2.5233605E-15
  1.0355113E-05  0.1884322      2.6292352E-15
  1.0462966E-05  0.1903291      2.7395517E-15
  1.0571944E-05  0.1922451      2.8544968E-15
  1.0682056E-05  0.1941804      2.9742670E-15
  1.0793315E-05  0.1961351      3.0990583E-15
  1.0905733E-05  0.1981097      3.2290906E-15
  1.1019321E-05  0.2001040      3.3645750E-15
  1.1134093E-05  0.2021185      3.5057459E-15
  1.1250061E-05  0.2041532      3.6528410E-15
  1.1367234E-05  0.2062082      3.8061006E-15
  1.1485629E-05  0.2082841      3.9657947E-15
  1.1605259E-05  0.2103810      4.1321956E-15
  1.1726134E-05  0.2124989      4.3055739E-15
  1.1848267E-05  0.2146381      4.4862257E-15
  1.1971673E-05  0.2167988      4.6744576E-15
  1.2096361E-05  0.2189811      4.8705813E-15
  1.2222354E-05  0.2211857      5.0749462E-15
  1.2349655E-05  0.2234123      5.2878776E-15
  1.2478284E-05  0.2256613      5.5097456E-15
  1.2608251E-05  0.2279330      5.7409225E-15
  1.2739573E-05  0.2302277      5.9818030E-15
  1.2872262E-05  0.2325453      6.2327856E-15
  1.3006332E-05  0.2348864      6.4942982E-15
  1.3141800E-05  0.2372509      6.7667853E-15
  1.3278678E-05  0.2396392      7.0507010E-15
  1.3416983E-05  0.2420518      7.3465387E-15
  1.3556729E-05  0.2444885      7.6547858E-15
  1.3697928E-05  0.2469497      7.9759587E-15
  1.3840597E-05  0.2494356      8.3106070E-15
  1.3984754E-05  0.2519466      8.6593034E-15
  1.4130413E-05  0.2544830      9.0226297E-15
  1.4277589E-05  0.2570448      9.4012026E-15
  1.4426297E-05  0.2596325      9.7956540E-15
  1.4576554E-05  0.2622462      1.0206659E-14
  1.4728374E-05  0.2648861      1.0634902E-14
  1.4881778E-05  0.2675526      1.1081118E-14
  1.5036780E-05  0.2702460      1.1546057E-14
  1.5193396E-05  0.2729667      1.2030514E-14
  1.5351643E-05  0.2757145      1.2535282E-14
  1.5511538E-05  0.2784902      1.3061238E-14
  1.5673095E-05  0.2812935      1.3609241E-14
  1.5836340E-05  0.2841254      1.4180262E-14
  1.6001284E-05  0.2869856      1.4775240E-14
  1.6167945E-05  0.2898746      1.5395171E-14
  1.6336344E-05  0.2927928      1.6041125E-14
  1.6506496E-05  0.2957402      1.6714174E-14
  1.6678419E-05  0.2987174      1.7415468E-14
  1.6852129E-05  0.3017244      1.8146161E-14
  1.7027654E-05  0.3047619      1.8907541E-14
  1.7205008E-05  0.3078299      1.9700863E-14
  1.7384205E-05  0.3109289      2.0527474E-14
  1.7565271E-05  0.3140589      2.1388756E-14
  1.7748223E-05  0.3172204      2.2286186E-14
  1.7933076E-05  0.3204138      2.3221242E-14
  1.8119859E-05  0.3236394      2.4195562E-14
  1.8308589E-05  0.3268972      2.5210743E-14
  1.8499280E-05  0.3301881      2.6268533E-14
  1.8691962E-05  0.3335121      2.7370714E-14
  1.8886649E-05  0.3368696      2.8519135E-14
  1.9083358E-05  0.3402607      2.9715708E-14
  1.9282121E-05  0.3436859      3.0962500E-14
  1.9482955E-05  0.3471457      3.2261625E-14
  1.9685882E-05  0.3506404      3.3615255E-14
  1.9890918E-05  0.3541703      3.5025680E-14
  2.0098094E-05  0.3577357      3.6495292E-14
  2.0307421E-05  0.3613369      3.8026514E-14
  2.0518935E-05  0.3649743      3.9622016E-14
  2.0732650E-05  0.3686484      4.1284474E-14
  2.0948593E-05  0.3723596      4.3016690E-14
  2.1166783E-05  0.3761080      4.4821562E-14
  2.1387246E-05  0.3798943      4.6702185E-14
  2.1610007E-05  0.3837185      4.8661704E-14
  2.1835081E-05  0.3875812      5.0703396E-14
  2.2062504E-05  0.3914829      5.2830797E-14
  2.2292297E-05  0.3954237      5.5047441E-14
  2.2524486E-05  0.3994046      5.7357155E-14
  2.2759088E-05  0.4034251      5.9763690E-14
  2.2996137E-05  0.4074863      6.2271253E-14
  2.3235651E-05  0.4115885      6.4884004E-14
  2.3477662E-05  0.4157317      6.7606368E-14
  2.3722194E-05  0.4199167      7.0442960E-14
  2.3969273E-05  0.4241438      7.3398576E-14
  2.4218925E-05  0.4284137      7.6478225E-14
  2.4471179E-05  0.4327265      7.9687098E-14
  2.4726052E-05  0.4370825      8.3030479E-14
  2.4983588E-05  0.4414826      8.6514305E-14
  2.5243808E-05  0.4459266      9.0144207E-14
  2.5506735E-05  0.4504158      9.3926494E-14
  2.5772400E-05  0.4549500      9.7867427E-14
  2.6040834E-05  0.4595297      1.0197371E-13
  2.6312058E-05  0.4641558      1.0625223E-13
  2.6586113E-05  0.4688282      1.1071032E-13
  2.6863021E-05  0.4735476      1.1535544E-13
  2.7142813E-05  0.4783147      1.2019549E-13
  2.7425520E-05  0.4831297      1.2523859E-13
  2.7711170E-05  0.4879932      1.3049330E-13
  2.7999800E-05  0.4929056      1.3596855E-13
  2.8291426E-05  0.4978674      1.4167336E-13
  2.8586095E-05  0.5028792      1.4761758E-13
  2.8883836E-05  0.5079418      1.5381138E-13
  2.9184675E-05  0.5130548      1.6026484E-13
  2.9488649E-05  0.5182199      1.6698925E-13
  2.9795790E-05  0.5234363      1.7399568E-13
  3.0106123E-05  0.5287056      1.8129602E-13
  3.0419693E-05  0.5340277      1.8890266E-13
  3.0736530E-05  0.5394035      1.9682860E-13
  3.1056665E-05  0.5448336      2.0508707E-13
  3.1380139E-05  0.5503182      2.1369205E-13
  3.1706983E-05  0.5558581      2.2265818E-13
  3.2037220E-05  0.5614533      2.3199999E-13
  3.2370903E-05  0.5671053      2.4173420E-13
  3.2708063E-05  0.5728142      2.5187681E-13
  3.3048738E-05  0.5785806      2.6244496E-13
  3.3392957E-05  0.5844045      2.7345633E-13
  3.3740762E-05  0.5902875      2.8493004E-13
  3.4092183E-05  0.5962296      2.9688464E-13
  3.4447272E-05  0.6022316      3.0934128E-13
  3.4806057E-05  0.6082937      3.2232027E-13
  3.5168581E-05  0.6144174      3.3584425E-13
  3.5534882E-05  0.6206023      3.4993541E-13
  3.5904995E-05  0.6268495      3.6461773E-13
  3.6278969E-05  0.6331599      3.7991639E-13
  3.6656824E-05  0.6395333      3.9585623E-13
  3.7038622E-05  0.6459708      4.1246520E-13
  3.7424401E-05  0.6524735      4.2977129E-13
  3.7814196E-05  0.6590417      4.4780344E-13
  3.8208051E-05  0.6656757      4.6659199E-13
  3.8606009E-05  0.6723769      4.8616921E-13
  3.9008100E-05  0.6791452      5.0656701E-13
  3.9414390E-05  0.6859816      5.2782117E-13
  3.9824914E-05  0.6928866      5.4996686E-13
  4.0239713E-05  0.6998615      5.7304216E-13
  4.0658830E-05  0.7069067      5.9708564E-13
  4.1082312E-05  0.7140228      6.2213787E-13
  4.1510200E-05  0.7212100      6.4824047E-13
  4.1942549E-05  0.7284701      6.7543882E-13
  4.2379404E-05  0.7358029      7.0377834E-13
  4.2820808E-05  0.7432098      7.3330713E-13
  4.3266813E-05  0.7506908      7.6407440E-13
  4.3717460E-05  0.7582478      7.9613323E-13
  4.4172786E-05  0.7658799      8.2953539E-13
  4.4632870E-05  0.7735895      8.6434061E-13
  4.5097750E-05  0.7813766      9.0060603E-13
  4.5567464E-05  0.7892419      9.3839259E-13
  4.6042074E-05  0.7971867      9.7776518E-13
  4.6521629E-05  0.8052115      1.0187899E-12
  4.7006171E-05  0.8133166      1.0615346E-12
  4.7495760E-05  0.8215032      1.1060726E-12
  4.7990452E-05  0.8297725      1.1524799E-12
  4.8490299E-05  0.8381252      1.2008351E-12
  4.8995349E-05  0.8465620      1.2512185E-12
  4.9505663E-05  0.8550835      1.3037162E-12
  5.0021292E-05  0.8636907      1.3584162E-12
  5.0542279E-05  0.8723844      1.4154097E-12
  5.1068706E-05  0.8811656      1.4747961E-12
  5.1600611E-05  0.8900351      1.5366733E-12
  5.2138057E-05  0.8989942      1.6011474E-12
  5.2681102E-05  0.9080434      1.6683264E-12
  5.3229811E-05  0.9171838      1.7383252E-12
  5.3784213E-05  0.9264157      1.8112577E-12
  5.4344408E-05  0.9357409      1.8872525E-12
  5.4910437E-05  0.9451599      1.9664359E-12
  5.5482353E-05  0.9546738      2.0489409E-12
  5.6060235E-05  0.9642831      2.1349079E-12
  5.6644127E-05  0.9739890      2.2244804E-12
  5.7234090E-05  0.9837930      2.3178104E-12
  5.7830217E-05  0.9936953      2.4150582E-12
  5.8432550E-05   1.003697      2.5163853E-12
  5.9041158E-05   1.013801      2.6219658E-12
  5.9656104E-05   1.024005      2.7319742E-12
  6.0277453E-05   1.034312      2.8465977E-12
  6.0905277E-05   1.044723      2.9660317E-12
  6.1539620E-05   1.055238      3.0904732E-12
  6.2180596E-05   1.065860      3.2201388E-12
  6.2828236E-05   1.076588      3.3552440E-12
  6.3482628E-05   1.087425      3.4960184E-12
  6.4143831E-05   1.098370      3.6426981E-12
  6.4811924E-05   1.109425      3.7955325E-12
  6.5486958E-05   1.120591      3.9547736E-12
  6.6169043E-05   1.131870      4.1207007E-12
  6.6858229E-05   1.143263      4.2935920E-12
  6.7554596E-05   1.154770      4.4737334E-12
  6.8258210E-05   1.166393      4.6614336E-12
  6.8969159E-05   1.178133      4.8570106E-12
  6.9687492E-05   1.189991      5.0607864E-12
  7.0413320E-05   1.201968      5.2731153E-12
  7.1146715E-05   1.214066      5.4943558E-12
  7.1887749E-05   1.226285      5.7248746E-12
  7.2636503E-05   1.238628      5.9650683E-12
  7.3393050E-05   1.251094      6.2153377E-12
  7.4157455E-05   1.263686      6.4761005E-12
  7.4929849E-05   1.276405      6.7478089E-12
  7.5710283E-05   1.289252      7.0309210E-12
  7.6498844E-05   1.302228      7.3259081E-12
  7.7295619E-05   1.315334      7.6332708E-12
  7.8100697E-05   1.328573      7.9535302E-12
  7.8914134E-05   1.341943      8.2872129E-12
  7.9736070E-05   1.355449      8.6349062E-12
  8.0566562E-05   1.369092      8.9971919E-12
  8.1405706E-05   1.382870      9.3746642E-12
  8.2253595E-05   1.396788      9.7679902E-12
  8.3110310E-05   1.410846      1.0177805E-11
  8.3975945E-05   1.425045      1.0604813E-11
  8.4850602E-05   1.439387      1.1049743E-11
  8.5734369E-05   1.453874      1.1513340E-11
  8.6627340E-05   1.468505      1.1996379E-11
  8.7529559E-05   1.483283      1.2499661E-11
  8.8441229E-05   1.498211      1.3024081E-11
  8.9362395E-05   1.513289      1.3570508E-11
  9.0293150E-05   1.528518      1.4139849E-11
  9.1233604E-05   1.543901      1.4733085E-11
  9.2183858E-05   1.559438      1.5351213E-11
  9.3144001E-05   1.575132      1.5995266E-11
  9.4114148E-05   1.590983      1.6666340E-11
  9.5094394E-05   1.606994      1.7365557E-11
  9.6084841E-05   1.623165      1.8094110E-11
  9.7085627E-05   1.639500      1.8853242E-11
  9.8096825E-05   1.655999      1.9644219E-11
  9.9118508E-05   1.672662      2.0468335E-11
  1.0015089E-04   1.689494      2.1327055E-11
  1.0119400E-04   1.706496      2.2221820E-11
  1.0224800E-04   1.723668      2.3154102E-11
  1.0331297E-04   1.741013      2.4125512E-11
  1.0438903E-04   1.758533      2.5137661E-11
  1.0547631E-04   1.776228      2.6192283E-11
  1.0657489E-04   1.794101      2.7291140E-11
  1.0768492E-04   1.812155      2.8436102E-11
  1.0880653E-04   1.830390      2.9629087E-11
  1.0993981E-04   1.848808      3.0872124E-11
  1.1108488E-04   1.867411      3.2167304E-11
  1.1224188E-04   1.886200      3.3516797E-11
  1.1341089E-04   1.905179      3.4922863E-11
  1.1459213E-04   1.924348      3.6387983E-11
  1.1578568E-04   1.943711      3.7914567E-11
  1.1699164E-04   1.963268      3.9505180E-11
  1.1821017E-04   1.983021      4.1162507E-11
  1.1944140E-04   2.002974      4.2889380E-11
  1.2068544E-04   2.023126      4.4688680E-11
  1.2194245E-04   2.043481      4.6563465E-11
  1.2321254E-04   2.064040      4.8516864E-11
  1.2449585E-04   2.084808      5.0552257E-11
  1.2579256E-04   2.105783      5.2673029E-11
  1.2710276E-04   2.126968      5.4882734E-11
  1.2842655E-04   2.148367      5.7185062E-11
  1.2976416E-04   2.169980      5.9584025E-11
  1.3111574E-04   2.191810      6.2083658E-11
  1.3248138E-04   2.213861      6.4688158E-11
  1.3386123E-04   2.236132      6.7401862E-11
  1.3525548E-04   2.258629      7.0229454E-11
  1.3666424E-04   2.281349      7.3175604E-11
  1.3808768E-04   2.304299      7.6245371E-11
  1.3952593E-04   2.327479      7.9443875E-11
  1.4097916E-04   2.350892      8.2776556E-11
  1.4244753E-04   2.374540      8.6249029E-11
  1.4393122E-04   2.398427      8.9867218E-11
  1.4543033E-04   2.422551      9.3637063E-11
  1.4694499E-04   2.446918      9.7564908E-11
  1.4847550E-04   2.471530      1.0165768E-10
  1.5002195E-04   2.496391      1.0592217E-10
  1.5158451E-04   2.521499      1.1036547E-10
  1.5316336E-04   2.546862      1.1499524E-10
  1.5475863E-04   2.572477      1.1981910E-10
  1.5637053E-04   2.598350      1.2484531E-10
  1.5799921E-04   2.624483      1.3008236E-10
  1.5964486E-04   2.650879      1.3553908E-10
  1.6130763E-04   2.677539      1.4122463E-10
  1.6298775E-04   2.704466      1.4714867E-10
  1.6468535E-04   2.731665      1.5332119E-10
  1.6640055E-04   2.759134      1.5975227E-10
  1.6813370E-04   2.786879      1.6645330E-10
  1.6988491E-04   2.814905      1.7343553E-10
  1.7165436E-04   2.843212      1.8071059E-10
  1.7344223E-04   2.871800      1.8829059E-10
  1.7524873E-04   2.900679      1.9618879E-10
  1.7707403E-04   2.929846      2.0441812E-10
  1.7891836E-04   2.959306      2.1299260E-10
  1.8078188E-04   2.989058      2.2192635E-10
  1.8266482E-04   3.019113      2.3123521E-10
  1.8456737E-04   3.049467      2.4093427E-10
  1.8648975E-04   3.080127      2.5104033E-10
  1.8843214E-04   3.111094      2.6157002E-10
  1.9039467E-04   3.142368      2.7254063E-10
  1.9237775E-04   3.173958      2.8397198E-10
  1.9438146E-04   3.205866      2.9588276E-10
  1.9640605E-04   3.238094      3.0829317E-10
  1.9845173E-04   3.270643      3.2122385E-10
  2.0051870E-04   3.303519      3.3469655E-10
  2.0260722E-04   3.336725      3.4873457E-10
  2.0471748E-04   3.370261      3.6336092E-10
  2.0684973E-04   3.404137      3.7860098E-10
  2.0900417E-04   3.438351      3.9447992E-10
  2.1118105E-04   3.472907      4.1102466E-10
  2.1338064E-04   3.507811      4.2826354E-10
  2.1560300E-04   3.543060      4.4622384E-10
  2.1784862E-04   3.578666      4.6493842E-10
  2.2011764E-04   3.614627      4.8443766E-10
  2.2241028E-04   3.650950      5.0475463E-10
  2.2472677E-04   3.687635      5.2592308E-10
  2.2706744E-04   3.724688      5.4797972E-10
  2.2943247E-04   3.762110      5.7096033E-10
  2.3182212E-04   3.799908      5.9490501E-10
  2.3423669E-04   3.838085      6.1985372E-10
  2.3667639E-04   3.876643      6.4584826E-10
  2.3914150E-04   3.915588      6.7293282E-10
  2.4163230E-04   3.954920      7.0115252E-10
  2.4414904E-04   3.994648      7.3055567E-10
  2.4669184E-04   4.034770      7.6118994E-10
  2.4926127E-04   4.075295      7.9310991E-10
  2.5185745E-04   4.116225      8.2636786E-10
  2.5448069E-04   4.157565      8.6102031E-10
  2.5713124E-04   4.199319      8.9712571E-10
  2.5980940E-04   4.241488      9.3474417E-10
  2.6251544E-04   4.284081      9.7393982E-10
  2.6524972E-04   4.327098      1.0147788E-09
  2.6801243E-04   4.370543      1.0573288E-09
  2.7080390E-04   4.414424      1.1016629E-09
  2.7362449E-04   4.458743      1.1478554E-09
  2.7647446E-04   4.503505      1.1959844E-09
  2.7935393E-04   4.548711      1.2461275E-09
  2.8226356E-04   4.594371      1.2983753E-09
  2.8520348E-04   4.640484      1.3528126E-09
  2.8817405E-04   4.687060      1.4095322E-09
  2.9117550E-04   4.734099      1.4686280E-09
  2.9420826E-04   4.781608      1.5302009E-09
  2.9727264E-04   4.829591      1.5943548E-09
  3.0036888E-04   4.878052      1.6611967E-09
  3.0349736E-04   4.926994      1.7308391E-09
  3.0665845E-04   4.976428      1.8034018E-09
  3.0985248E-04   5.026353      1.8790043E-09
  3.1307974E-04   5.076774      1.9577742E-09
  3.1634065E-04   5.127699      2.0398458E-09
  3.1963532E-04   5.179127      2.1253517E-09
  3.2296454E-04   5.231070      2.2144448E-09
  3.2632839E-04   5.283532      2.3072717E-09
  3.2972725E-04   5.336513      2.4039863E-09
  3.3316156E-04   5.390022      2.5047537E-09
  3.3663161E-04   5.444063      2.6097422E-09
  3.4013781E-04   5.498643      2.7191314E-09
  3.4368053E-04   5.553766      2.8331024E-09
  3.4726012E-04   5.609435      2.9518463E-09
  3.5087703E-04   5.665658      3.0755662E-09
  3.5453163E-04   5.722438      3.2044678E-09
  3.5822424E-04   5.779785      3.3387699E-09
  3.6195517E-04   5.837698      3.4786900E-09
  3.6572511E-04   5.896189      3.6244794E-09
  3.6953436E-04   5.955259      3.7763739E-09
  3.7338329E-04   6.014914      3.9346295E-09
  3.7727226E-04   6.075161      4.0995136E-09
  3.8120171E-04   6.136008      4.2713024E-09
  3.8517214E-04   6.197456      4.4502868E-09
  3.8918396E-04   6.259513      4.6367665E-09
  3.9323751E-04   6.322188      4.8310560E-09
  3.9733329E-04   6.385478      5.0334772E-09
  4.0147171E-04   6.449400      5.2443787E-09
  4.0565326E-04   6.513953      5.4641101E-09
  4.0987838E-04   6.579146      5.6930434E-09
  4.1414730E-04   6.644979      5.9315486E-09
  4.1846084E-04   6.711466      6.1800463E-09
  4.2281931E-04   6.778609      6.4389485E-09
  4.2722322E-04   6.846418      6.7086918E-09
  4.3167302E-04   6.914896      6.9897270E-09
  4.3616907E-04   6.984050      7.2825221E-09
  4.4071203E-04   7.053886      7.5875768E-09
  4.4530228E-04   7.124407      7.9053910E-09
  4.4994033E-04   7.195631      8.2365155E-09
  4.5462672E-04   7.267553      8.5814937E-09
  4.5936191E-04   7.340184      8.9409102E-09
  4.6414643E-04   7.413534      9.3153716E-09
  4.6898052E-04   7.487597      9.7054738E-09
  4.7386519E-04   7.562398      1.0111926E-08
  4.7880076E-04   7.637933      1.0535381E-08
  4.8378773E-04   7.714211      1.0976553E-08
  4.8882666E-04   7.791237      1.1436177E-08
  4.9391802E-04   7.869019      1.1915031E-08
  4.9906247E-04   7.947572      1.2413923E-08
  5.0426048E-04   8.026889      1.2933675E-08
  5.0951261E-04   8.106983      1.3475161E-08
  5.1481946E-04   8.187867      1.4039299E-08
  5.2018155E-04   8.269545      1.4627036E-08
  5.2559952E-04   8.352016      1.5239340E-08
  5.3107395E-04   8.435299      1.5877250E-08
  5.3660513E-04   8.519395      1.6541810E-08
  5.4219412E-04   8.604313      1.7234177E-08
  5.4784137E-04   8.690063      1.7955493E-08
  5.5354746E-04   8.776655      1.8706976E-08
  5.5931299E-04   8.864088      1.9489859E-08
  5.6513847E-04   8.952374      2.0305455E-08
  5.7102472E-04   9.041520      2.1155149E-08
  5.7697226E-04   9.131539      2.2040361E-08
  5.8298168E-04   9.222431      2.2962549E-08
  5.8905379E-04   9.314209      2.3923278E-08
  5.9518911E-04   9.406881      2.4924157E-08
  6.0138828E-04   9.500453      2.5966838E-08
  6.0765183E-04   9.594932      2.7053041E-08
  6.1398087E-04   9.690330      2.8184665E-08
  6.2037579E-04   9.786654      2.9363553E-08
  6.2683731E-04   9.883916      3.0591689E-08
  6.3336617E-04   9.982112      3.1871092E-08
  6.3996302E-04   10.08127      3.3203939E-08
  6.4662861E-04   10.18138      3.4592446E-08
  6.5336353E-04   10.28246      3.6038912E-08
  6.6016871E-04   10.38452      3.7545764E-08
  6.6704472E-04   10.48755      3.9115509E-08
  6.7399233E-04   10.59160      4.0750809E-08
  6.8101235E-04   10.69663      4.2454325E-08
  6.8810541E-04   10.80268      4.4228926E-08
  6.9527212E-04   10.90975      4.6077538E-08
  7.0251373E-04   11.01785      4.8003319E-08
  7.0983078E-04   11.12699      5.0009454E-08
  7.1722409E-04   11.23717      5.2099246E-08
  7.2469434E-04   11.34842      5.4276242E-08
  7.3224242E-04   11.46073      5.6544025E-08
  7.3986914E-04   11.57412      5.8906394E-08
  7.4757525E-04   11.68858      6.1367210E-08
  7.5536169E-04   11.80414      6.3930671E-08
  7.6322909E-04   11.92081      6.6600961E-08
  7.7117857E-04   12.03858      6.9382530E-08
  7.7921076E-04   12.15748      7.2280031E-08
  7.8732643E-04   12.27752      7.5298260E-08
  7.9552678E-04   12.39869      7.8442248E-08
  8.0381264E-04   12.52102      8.1717296E-08
  8.1218471E-04   12.64450      8.5128683E-08
  8.2064414E-04   12.76915      8.8682228E-08
  8.2919159E-04   12.89499      9.2383729E-08
  8.3782803E-04   13.02201      9.6239361E-08
  8.4655447E-04   13.15024      1.0025555E-07
  8.5537188E-04   13.27967      1.0443889E-07
  8.6428103E-04   13.41033      1.0879630E-07
  8.7328290E-04   13.54221      1.1333506E-07
  8.8237866E-04   13.67533      1.1806273E-07
  8.9156907E-04   13.80971      1.2298707E-07
  9.0085482E-04   13.94534      1.2811597E-07
  9.1023772E-04   14.08225      1.3345853E-07
  9.1971835E-04   14.22043      1.3902317E-07
  9.2929776E-04   14.35990      1.4481917E-07
  9.3897688E-04   14.50068      1.5085612E-07
  9.4875676E-04   14.64277      1.5714402E-07
  9.5863861E-04   14.78618      1.6369322E-07
  9.6862332E-04   14.93093      1.7051453E-07
  9.7871211E-04   15.07701      1.7761917E-07
  9.8890590E-04   15.22445      1.8501905E-07
  9.9920586E-04   15.37325      1.9272615E-07
  1.0096130E-03   15.52343      2.0075316E-07
  1.0201283E-03   15.67498      2.0911310E-07
  1.0307535E-03   15.82794      2.1782049E-07
  1.0414894E-03   15.98230      2.2688911E-07
  1.0523370E-03   16.13808      2.3633406E-07
  1.0632976E-03   16.29528      2.4617063E-07
  1.0743726E-03   16.45393      2.5641546E-07
  1.0855626E-03   16.61402      2.6708491E-07
  1.0968695E-03   16.77557      2.7819672E-07
  1.1082939E-03   16.93859      2.8976902E-07
  1.1198374E-03   17.10309      3.0182096E-07
  1.1315010E-03   17.26908      3.1437219E-07
  1.1432862E-03   17.43657      3.2744310E-07
  1.1551942E-03   17.60559      3.4105574E-07
  1.1672257E-03   17.77611      3.5523121E-07
  1.1793829E-03   17.94818      3.6999404E-07
  1.1916669E-03   18.12179      3.8536794E-07
  1.2040787E-03   18.29696      4.0137783E-07
  1.2166197E-03   18.47369      4.1804989E-07
  1.2292915E-03   18.65199      4.3541152E-07
  1.2420953E-03   18.83189      4.5349091E-07
  1.2550324E-03   19.01340      4.7231791E-07
  1.2681043E-03   19.19650      4.9192266E-07
  1.2813122E-03   19.38122      5.1233718E-07
  1.2946577E-03   19.56758      5.3359508E-07
  1.3081423E-03   19.75558      5.5573116E-07
  1.3217666E-03   19.94522      5.7877935E-07
  1.3355337E-03   20.13654      6.0278057E-07
  1.3494440E-03   20.32952      6.2777156E-07
  1.3634991E-03   20.52419      6.5379317E-07
  1.3777007E-03   20.72056      6.8088838E-07
  1.3920502E-03   20.91861      7.0909994E-07
  1.4065491E-03   21.11841      7.3847508E-07
  1.4211991E-03   21.31991      7.6905962E-07
  1.4360016E-03   21.52315      8.0090422E-07
  1.4509584E-03   21.72814      8.3405996E-07
  1.4660709E-03   21.93489      8.6858063E-07
  1.4813408E-03   22.14340      9.0452193E-07
  1.4967698E-03   22.35369      9.4194195E-07
  1.5123588E-03   22.56575      9.8089879E-07
  1.5281108E-03   22.77961      1.0214585E-06
  1.5440269E-03   22.99530      1.0636865E-06
  1.5601086E-03   23.21277      1.1076472E-06
  1.5763580E-03   23.43209      1.1534148E-06
  1.5927766E-03   23.65324      1.2010613E-06
  1.6093664E-03   23.87625      1.2506641E-06
  1.6261289E-03   24.10109      1.3023010E-06
  1.6430658E-03   24.32780      1.3560560E-06
  1.6601791E-03   24.55638      1.4120139E-06
  1.6774709E-03   24.78685      1.4702669E-06
  1.6949427E-03   25.01920      1.5309054E-06
  1.7125956E-03   25.25343      1.5940235E-06
  1.7304332E-03   25.48960      1.6597295E-06
  1.7484564E-03   25.72767      1.7281235E-06
  1.7666678E-03   25.96767      1.7993168E-06
  1.7850687E-03   26.20961      1.8734203E-06
  1.8036609E-03   26.45348      1.9505508E-06
  1.8224469E-03   26.69931      2.0308348E-06
  1.8414288E-03   26.94709      2.1143971E-06
  1.8606083E-03   27.19683      2.2013703E-06
  1.8799875E-03   27.44855      2.2918919E-06
  1.8995686E-03   27.70225      2.3861071E-06
  1.9193537E-03   27.95793      2.4841622E-06
  1.9393447E-03   28.21561      2.5862130E-06
  1.9595432E-03   28.47527      2.6924160E-06
  1.9799529E-03   28.73696      2.8029490E-06
  2.0005752E-03   29.00066      2.9179803E-06
  2.0214121E-03   29.26637      3.0376891E-06
  2.0424663E-03   29.53412      3.1622669E-06
  2.0637396E-03   29.80389      3.2919070E-06
  2.0852347E-03   30.07569      3.4268121E-06
  2.1069534E-03   30.34956      3.5671969E-06
  2.1288986E-03   30.62546      3.7132768E-06
  2.1510720E-03   30.90341      3.8652829E-06
  2.1734766E-03   31.18343      4.0234513E-06
  2.1961147E-03   31.46550      4.1880285E-06
  2.2189873E-03   31.74963      4.3592609E-06
  2.2420990E-03   32.03584      4.5374354E-06
  2.2654519E-03   32.32413      4.7228177E-06
  2.2890479E-03   32.61449      4.9156961E-06
  2.3128896E-03   32.90693      5.1163711E-06
  2.3369796E-03   33.20146      5.3251488E-06
  2.3613204E-03   33.49807      5.5423557E-06
  2.3859148E-03   33.79675      5.7683242E-06
  2.4107655E-03   34.09753      6.0034058E-06
  2.4358749E-03   34.40041      6.2479639E-06
  2.4612460E-03   34.70539      6.5023737E-06
  2.4868811E-03   35.01244      6.7670167E-06
  2.5127830E-03   35.32158      7.0423080E-06
  2.5389541E-03   35.63281      7.3286578E-06
  2.5653986E-03   35.94616      7.6265301E-06
  2.5921187E-03   36.26159      7.9363599E-06
  2.6191168E-03   36.57909      8.2586184E-06
  2.6463964E-03   36.89872      8.5938136E-06
  2.6739601E-03   37.22041      8.9424339E-06
  2.7018110E-03   37.54420      9.3050248E-06
  2.7299516E-03   37.87007      9.6821268E-06
  2.7583856E-03   38.19803      1.0074320E-05
  2.7871155E-03   38.52805      1.0482185E-05
  2.8161448E-03   38.86016      1.0906348E-05
  2.8454766E-03   39.19432      1.1347445E-05
  2.8751125E-03   39.53053      1.1806115E-05
  2.9050582E-03   39.86882      1.2283096E-05
  2.9353159E-03   40.20919      1.2779084E-05
  2.9658887E-03   40.55159      1.3294816E-05
  2.9967802E-03   40.89603      1.3831067E-05
  3.0279933E-03   41.24253      1.4388642E-05
  3.0595316E-03   41.59100      1.4968355E-05
  3.0913982E-03   41.94152      1.5571082E-05
  3.1235968E-03   42.29408      1.6197733E-05
  3.1561307E-03   42.64861      1.6849217E-05
  3.1890033E-03   43.00513      1.7526496E-05
  3.2222187E-03   43.36363      1.8230581E-05
  3.2557799E-03   43.72414      1.8962526E-05
  3.2896891E-03   44.08659      1.9723360E-05
  3.3239527E-03   44.45098      2.0514257E-05
  3.3585734E-03   44.81732      2.1336358E-05
  3.3935551E-03   45.18559      2.2190879E-05
  3.4289008E-03   45.55576      2.3079048E-05
  3.4646145E-03   45.92782      2.4002171E-05
  3.5007002E-03   46.30179      2.4961597E-05
  3.5371620E-03   46.67762      2.5958727E-05
  3.5740037E-03   47.05529      2.6995001E-05
  3.6112287E-03   47.43482      2.8071921E-05
  3.6488415E-03   47.81613      2.9191024E-05
  3.6868462E-03   48.19928      3.0353967E-05
  3.7252449E-03   48.58419      3.1562355E-05
  3.7640457E-03   48.97089      3.2818025E-05
  3.8032501E-03   49.35931      3.4122717E-05
  3.8428630E-03   49.74946      3.5478311E-05
  3.8828882E-03   50.14133      3.6886748E-05
  3.9233305E-03   50.53489      3.8350041E-05
  3.9641946E-03   50.93010      3.9870280E-05
  4.0054834E-03   51.32695      4.1449581E-05
  4.0472029E-03   51.72543      4.3090236E-05
  4.0893564E-03   52.12546      4.4794502E-05
  4.1319495E-03   52.52709      4.6564848E-05
  4.1749859E-03   52.93024      4.8403723E-05
  4.2184684E-03   53.33490      5.0313654E-05
  4.2624064E-03   53.74106      5.2297462E-05
  4.3068016E-03   54.14867      5.4357843E-05
  4.3516592E-03   54.55772      5.6497694E-05
  4.3969839E-03   54.96817      5.8719954E-05
  4.4427807E-03   55.37999      6.1027764E-05
  4.4890549E-03   55.79315      6.3424275E-05
  4.5358110E-03   56.20761      6.5912820E-05
  4.5830538E-03   56.62334      6.8496796E-05
  4.6307887E-03   57.04032      7.1179806E-05
  4.6790214E-03   57.45854      7.3965552E-05
  4.7277557E-03   57.87787      7.6857708E-05
  4.7769980E-03   58.29838      7.9860401E-05
  4.8267525E-03   58.71998      8.2977596E-05
  4.8770257E-03   59.14262      8.6213578E-05
  4.9278229E-03   59.56630      8.9572721E-05
  4.9791485E-03   59.99098      9.3059578E-05
  5.0310092E-03   60.41659      9.6678850E-05
  5.0834096E-03   60.84311      1.0043535E-04
  5.1363516E-03   61.27045      1.0433384E-04
  5.1898491E-03   61.69863      1.0838011E-04
  5.2439044E-03   62.12762      1.1257939E-04
  5.2985223E-03   62.55732      1.1693710E-04
  5.3537092E-03   62.98772      1.2145912E-04
  5.4094712E-03   63.41873      1.2615132E-04
  5.4658139E-03   63.85039      1.3102010E-04
  5.5227433E-03   64.28256      1.3607166E-04
  5.5802655E-03   64.71519      1.4131256E-04
  5.6383871E-03   65.14832      1.4674988E-04
  5.6971135E-03   65.58183      1.5239058E-04
  5.7564522E-03   66.01566      1.5824195E-04
  5.8164094E-03   66.44982      1.6431173E-04
  5.8769900E-03   66.88422      1.7060759E-04
  5.9382017E-03   67.31878      1.7713767E-04
  6.0000513E-03   67.75343      1.8391031E-04
  6.0625449E-03   68.18824      1.9093443E-04
  6.1256904E-03   68.62299      1.9821871E-04
  6.1894925E-03   69.05771      2.0577241E-04
  6.2539596E-03   69.49233      2.1360531E-04
  6.3190972E-03   69.92679      2.2172701E-04
  6.3849147E-03   70.36105      2.3014811E-04
  6.4514163E-03   70.79494      2.3887858E-04
  6.5186117E-03   71.22855      2.4793015E-04
  6.5865070E-03   71.66171      2.5731346E-04
  6.6551021E-03   72.09438      2.6703946E-04
  6.7244186E-03   72.52651      2.7712193E-04
  6.7944573E-03   72.95803      2.8757247E-04
  6.8652253E-03   73.38889      2.9840387E-04
  6.9367304E-03   73.81895      3.0962937E-04
  7.0089800E-03   74.24824      3.2126284E-04
  7.0819817E-03   74.67661      3.3331805E-04
  7.1557448E-03   75.10400      3.4580997E-04
  7.2302758E-03   75.53033      3.5875326E-04
  7.3055830E-03   75.95556      3.7216372E-04
  7.3816748E-03   76.37962      3.8605754E-04
  7.4585588E-03   76.80238      4.0045098E-04
  7.5362432E-03   77.22378      4.1536099E-04
  7.6147378E-03   77.64380      4.3080570E-04
  7.6940493E-03   78.06225      4.4680270E-04
  7.7741873E-03   78.47914      4.6337122E-04
  7.8551592E-03   78.89439      4.8053058E-04
  7.9369750E-03   79.30784      4.9830007E-04
  8.0196420E-03   79.71947      5.1670097E-04
  8.1031723E-03   80.12915      5.3575420E-04
  8.1875706E-03   80.53685      5.5548159E-04
  8.2728490E-03   80.94241      5.7590555E-04
  8.3590150E-03   81.34581      5.9704954E-04
  8.4460787E-03   81.74689      6.1893702E-04
  8.5340487E-03   82.14565      6.4159324E-04
  8.6229276E-03   82.54189      6.6504104E-04
  8.7127397E-03   82.93559      6.8931060E-04
  8.8034878E-03   83.32664      7.1442733E-04
  8.8951811E-03   83.71497      7.4041862E-04
  8.9878291E-03   84.10043      7.6731289E-04
  9.0814419E-03   84.48296      7.9513970E-04
  9.1760308E-03   84.86242      8.2392915E-04
  9.2716031E-03   85.23871      8.5371174E-04
  9.3681719E-03   85.61179      8.8452082E-04
  9.4657466E-03   85.98152      9.1638858E-04
  9.5643383E-03   86.34778      9.4934873E-04
  9.6639553E-03   86.71049      9.8343624E-04
  9.7646108E-03   87.06956      1.0186876E-03
  9.8663140E-03   87.42480      1.0551383E-03
  9.9690771E-03   87.77621      1.0928275E-03
  1.0072911E-02   88.12355      1.1317926E-03
  1.0177826E-02   88.46684      1.1720750E-03
  1.0283833E-02   88.80587      1.2137148E-03
  1.0390945E-02   89.14063      1.2567550E-03
  1.0499173E-02   89.47090      1.3012385E-03
  1.0608527E-02   89.79659      1.3472087E-03
  1.0719020E-02   90.11763      1.3947129E-03
  1.0830664E-02   90.43382      1.4437967E-03
  1.0943472E-02   90.74512      1.4945092E-03
  1.1057454E-02   91.05135      1.5468980E-03
  1.1172612E-02   91.35241      1.6010101E-03
  1.1288981E-02   91.64826      1.6569077E-03
  1.1406562E-02   91.93860      1.7146367E-03
  1.1525368E-02   92.22346      1.7742533E-03
  1.1645411E-02   92.50265      1.8358132E-03
  1.1766704E-02   92.77600      1.8993721E-03
  1.1889261E-02   93.04348      1.9649900E-03
  1.2013094E-02   93.30484      2.0327251E-03
  1.2138217E-02   93.56010      2.1026414E-03
  1.2264641E-02   93.80901      2.1747982E-03
  1.2392385E-02   94.05138      2.2492609E-03
  1.2521459E-02   94.28722      2.3260955E-03
  1.2651876E-02   94.51638      2.4053687E-03
  1.2783654E-02   94.73864      2.4871503E-03
  1.2916801E-02   94.95390      2.5715057E-03
  1.3051337E-02   95.16196      2.6585101E-03
  1.3187273E-02   95.36284      2.7482361E-03
  1.3324627E-02   95.55630      2.8407585E-03
  1.3463409E-02   95.74218      2.9361509E-03
  1.3603638E-02   95.92034      3.0344909E-03
  1.3745326E-02   96.09068      3.1358572E-03
  1.3888491E-02   96.25298      3.2403306E-03
  1.4033148E-02   96.40722      3.3479943E-03
  1.4179311E-02   96.55318      3.4589304E-03
  1.4326997E-02   96.69071      3.5732235E-03
  1.4476205E-02   96.81966      3.6909455E-03
  1.4626984E-02   96.93996      3.8122120E-03
  1.4779330E-02   97.05136      3.9370940E-03
  1.4933266E-02   97.15384      4.0656892E-03
  1.5088803E-02   97.24709      4.1980823E-03
  1.5245961E-02   97.33106      4.3343678E-03
  1.5404756E-02   97.40574      4.4746483E-03
  1.5565205E-02   97.47071      4.6190065E-03
  1.5727326E-02   97.52608      4.7675506E-03
  1.5891135E-02   97.57156      4.9203709E-03
  1.6056649E-02   97.60702      5.0775670E-03
  1.6223889E-02   97.63242      5.2392459E-03
  1.6392866E-02   97.64748      5.4054977E-03
  1.6563609E-02   97.65218      5.5764364E-03
  1.6736127E-02   97.64635      5.7521588E-03
  1.6910443E-02   97.62984      5.9327679E-03
  1.7086575E-02   97.60254      6.1183735E-03
  1.7264541E-02   97.56437      6.3090832E-03
  1.7444361E-02   97.51511      6.5049944E-03
  1.7626053E-02   97.45473      6.7062234E-03
  1.7809637E-02   97.38305      6.9128722E-03
  1.7995134E-02   97.30000      7.1250517E-03
  1.8182563E-02   97.20545      7.3428694E-03
  1.8371945E-02   97.09924      7.5664311E-03
  1.8563299E-02   96.98138      7.7958535E-03
  1.8756628E-02   96.85175      8.0312211E-03
  1.8951988E-02   96.71025      8.2726879E-03
  1.9149384E-02   96.55672      8.5203378E-03
  1.9348834E-02   96.39114      8.7742787E-03
  1.9550363E-02   96.21346      9.0346262E-03
  1.9753991E-02   96.02363      9.3014874E-03
  1.9959738E-02   95.82151      9.5749712E-03
  2.0167630E-02   95.60715      9.8551884E-03
  2.0377686E-02   95.38044      1.0142239E-02
  2.0589931E-02   95.14140      1.0436240E-02
  2.0804387E-02   94.88995      1.0737294E-02
  2.1021076E-02   94.62608      1.1045503E-02
  2.1240022E-02   94.34986      1.1360983E-02
  2.1461247E-02   94.06121      1.1683833E-02
  2.1684779E-02   93.76022      1.2014160E-02
  2.1910638E-02   93.44686      1.2352066E-02
  2.2138849E-02   93.12105      1.2697634E-02
  2.2369437E-02   92.78318      1.3051013E-02
  2.2602426E-02   92.43296      1.3412258E-02
  2.2837844E-02   92.07076      1.3781511E-02
  2.3075709E-02   91.69637      1.4158825E-02
  2.3316057E-02   91.31009      1.4544341E-02
  2.3558905E-02   90.91191      1.4938124E-02
  2.3804283E-02   90.50210      1.5340300E-02
  2.4052218E-02   90.08066      1.5750952E-02
  2.4302714E-02   89.64791      1.6170161E-02
  2.4555840E-02   89.20379      1.6598068E-02
  2.4811603E-02   88.74865      1.7034762E-02
  2.5070027E-02   88.28263      1.7480325E-02
  2.5331147E-02   87.80594      1.7934874E-02
  2.5594983E-02   87.31873      1.8398477E-02
  2.5861569E-02   86.82137      1.8871270E-02
  2.6130930E-02   86.31405      1.9353339E-02
  2.6403099E-02   85.79702      1.9844806E-02
  2.6678100E-02   85.27060      2.0345759E-02
  2.6955968E-02   84.73501      2.0856312E-02
  2.7236728E-02   84.19056      2.1376574E-02
  2.7520414E-02   83.63772      2.1906700E-02
  2.7807055E-02   83.07662      2.2446759E-02
  2.8096678E-02   82.50769      2.2996891E-02
  2.8389322E-02   81.93130      2.3557262E-02
  2.8685011E-02   81.34773      2.4127947E-02
  2.8983781E-02   80.75742      2.4709128E-02
  2.9285662E-02   80.16074      2.5300946E-02
  2.9590689E-02   79.55809      2.5903560E-02
  2.9898891E-02   78.94986      2.6517134E-02
  3.0210307E-02   78.33643      2.7141824E-02
  3.0524962E-02   77.71826      2.7777834E-02
  3.0842893E-02   77.09573      2.8425328E-02
  3.1164141E-02   76.46926      2.9084543E-02
  3.1488705E-02   75.83940      2.9755626E-02
  3.1816673E-02   75.20638      3.0438894E-02
  3.2148059E-02   74.57069      3.1134529E-02
  3.2482900E-02   73.93282      3.1842820E-02
  3.2821227E-02   73.29317      3.2564007E-02
  3.3163082E-02   72.65219      3.3298384E-02
  3.3508487E-02   72.01032      3.4046240E-02
  3.3857498E-02   71.36794      3.4807891E-02
  3.4210142E-02   70.72550      3.5583656E-02
  3.4566458E-02   70.08343      3.6373902E-02
  3.4926489E-02   69.44215      3.7179008E-02
  3.5290267E-02   68.80202      3.7999339E-02
  3.5657834E-02   68.16353      3.8835313E-02
  3.6029227E-02   67.52705      3.9687384E-02
  3.6404494E-02   66.89288      4.0555976E-02
  3.6783669E-02   66.26151      4.1441575E-02
  3.7166785E-02   65.63322      4.2344652E-02
  3.7553899E-02   65.00842      4.3265782E-02
  3.7945043E-02   64.38751      4.4205539E-02
  3.8340263E-02   63.77070      4.5164406E-02
  3.8739596E-02   63.15845      4.6143081E-02
  3.9143089E-02   62.55101      4.7142170E-02
  3.9550789E-02   61.94867      4.8162300E-02
  3.9962728E-02   61.35175      4.9204197E-02
  4.0378962E-02   60.76053      5.0268613E-02
  4.0799495E-02   60.17533      5.1356182E-02
  4.1224439E-02   59.59626      5.2467845E-02
  4.1653816E-02   59.02374      5.3604461E-02
  4.2087659E-02   58.45780      5.4766718E-02
  4.2526029E-02   57.89883      5.5955667E-02
  4.2968962E-02   57.34692      5.7172157E-02
  4.3416504E-02   56.80231      5.8417160E-02
  4.3868709E-02   56.26520      5.9691746E-02
  4.4325627E-02   55.73569      6.0996924E-02
  4.4787303E-02   55.21394      6.2333755E-02
  4.5253787E-02   54.70012      6.3703433E-02
  4.5725133E-02   54.19431      6.5107115E-02
  4.6201382E-02   53.69664      6.6546001E-02
  4.6682596E-02   53.20713      6.8021268E-02
  4.7168817E-02   52.72596      6.9534346E-02
  4.7660109E-02   52.25310      7.1086474E-02
  4.8156511E-02   51.78864      7.2679073E-02
  4.8658088E-02   51.33257      7.4313551E-02
  4.9164891E-02   50.88490      7.5991333E-02
  4.9676966E-02   50.44569      7.7713974E-02
  5.0194379E-02   50.01475      7.9482809E-02
  5.0717182E-02   49.59215      8.1299551E-02
  5.1245429E-02   49.17779      8.3165705E-02
  5.1779177E-02   48.77158      8.5082881E-02
  5.2318487E-02   48.37338      8.7052606E-02
  5.2863359E-02   47.98309      8.9076348E-02
  5.3413961E-02   47.60049      9.1156080E-02
  5.3970296E-02   47.22537      9.3293108E-02
  5.4532427E-02   46.85760      9.5489211E-02
  5.5100411E-02   46.49686      9.7745776E-02
  5.5674311E-02   46.14287      0.1000643
  5.6254189E-02   45.79534      0.1024462
  5.6840103E-02   45.45393      0.1048928
  5.7432126E-02   45.11825      0.1074056
  5.8030311E-02   44.78790      0.1099855
  5.8634728E-02   44.46246      0.1126336
  5.9245441E-02   44.14148      0.1153510
  5.9862513E-02   43.82434      0.1181381
  6.0486019E-02   43.51062      0.1209958
  6.1116010E-02   43.19972      0.1239241
  6.1752565E-02   42.89100      0.1269232
  6.2395755E-02   42.58389      0.1299931
  6.3045636E-02   42.27765      0.1331330
  6.3702293E-02   41.97164      0.1363424
  6.4365782E-02   41.66513      0.1396201
  6.5036193E-02   41.35739      0.1429645
  6.5713584E-02   41.04765      0.1463739
  6.6398025E-02   40.73516      0.1498459
  6.7089595E-02   40.41918      0.1533779
  6.7788370E-02   40.09888      0.1569668
  6.8494350E-02   39.77358      0.1606086
  6.9207758E-02   39.44241      0.1643001
  6.9928594E-02   39.10468      0.1680362
  7.0656940E-02   38.75964      0.1718123
  7.1392871E-02   38.40666      0.1756228
  7.2136469E-02   38.04507      0.1794621
  7.2887808E-02   37.67427      0.1833240
  7.3646970E-02   37.29372      0.1872019
  7.4414045E-02   36.90299      0.1910892
  7.5189106E-02   36.50163      0.1949786
  7.5972237E-02   36.08940      0.1988631
  7.6763533E-02   35.66606      0.2027356
  7.7563062E-02   35.23151      0.2065885
  7.8370921E-02   34.78572      0.2104145
  7.9187199E-02   34.32880      0.2142069
  8.0011979E-02   33.86103      0.2179591
  8.0845341E-02   33.38271      0.2216647
  8.1687398E-02   32.89434      0.2253182
  8.2538217E-02   32.39650      0.2289145
  8.3397895E-02   31.88997      0.2324498
  8.4266521E-02   31.37556      0.2359210
  8.5144214E-02   30.85425      0.2393262
  8.6031035E-02   30.32713      0.2426647
  8.6927086E-02   29.79541      0.2459374
  8.7832488E-02   29.26031      0.2491462
  8.8747226E-02   28.72334      0.2522953
  8.9671575E-02   28.18577      0.2553902
  9.0605550E-02   27.64918      0.2584381
  9.1549255E-02   27.11512      0.2614484
  9.2502788E-02   26.58512      0.2644314
  9.3466260E-02   26.06079      0.2674004
  9.4439760E-02   25.54366      0.2703694
  9.5423408E-02   25.03527      0.2733549
  9.6417286E-02   24.53713      0.2763748
  9.7421534E-02   24.05062      0.2794480
  9.8436214E-02   23.57710      0.2825953
  9.9461488E-02   23.11778      0.2858386
  0.1004974       22.67379      0.2892004
  0.1015442       22.24610      0.2927040
  0.1026018       21.83554      0.2963731
  0.1036705       21.44278      0.3002313
  0.1047502       21.06835      0.3043024
  0.1058413       20.71254      0.3086088
  0.1069437       20.37547      0.3131720
  0.1080575       20.05713      0.3180123
  0.1091830       19.75719      0.3231472
  0.1103202       19.47526      0.3285930
  0.1114693       19.21063      0.3343619
  0.1126303       18.96246      0.3404631
  0.1138034       18.72970      0.3469016
  0.1149886       18.51115      0.3536775
  0.1161863       18.30534      0.3607880
  0.1173964       18.11074      0.3682228
  0.1186192       17.92565      0.3759666
  0.1198546       17.74823      0.3839984
  0.1211030       17.57657      0.3922912
  0.1223643       17.40870      0.4008120
  0.1236388       17.24258      0.4095215
  0.1249266       17.07621      0.4183753
  0.1262278       16.90762      0.4273237
  0.1275425       16.73492      0.4363133
  0.1288709       16.55635      0.4452864
  0.1302132       16.37033      0.4541843
  0.1315694       16.17545      0.4629469
  0.1329398       15.97057      0.4715148
  0.1343244       15.75484      0.4798319
  0.1357235       15.52773      0.4878462
  0.1371371       15.28899      0.4955115
  0.1385655       15.03874      0.5027900
  0.1400087       14.77748      0.5096542
  0.1414670       14.50600      0.5160870
  0.1429404       14.22544      0.5220846
  0.1444292       13.93722      0.5276566
  0.1459336       13.64304      0.5328275
  0.1474535       13.34481      0.5376353
  0.1489892       13.04462      0.5421326
  0.1505410       12.74458      0.5463862
  0.1521090       12.44693      0.5504737
  0.1536933       12.15386      0.5544835
  0.1552941       11.86749      0.5585128
  0.1569115       11.58977      0.5626642
  0.1585459       11.32247      0.5670426
  0.1601972       11.06712      0.5717542
  0.1618657       10.82497      0.5769010
  0.1635517       10.59690      0.5825774
  0.1652551       10.38351      0.5888693
  0.1669764       10.18500      0.5958483
  0.1687155       10.00121      0.6035698
  0.1704728       9.831632      0.6120691
  0.1722483       9.675383      0.6213597
  0.1740424       9.531285      0.6314317
  0.1758551       9.397839      0.6422483
  0.1776868       9.273316      0.6537477
  0.1795375       9.155797      0.6658421
  0.1814074       9.043201      0.6784180
  0.1832969       8.933421      0.6913422
  0.1852060       8.824338      0.7044618
  0.1871351       8.713939      0.7176123
  0.1890842       8.600388      0.7306231
  0.1910536       8.482093      0.7433245
  0.1930433       8.357807      0.7555557
  0.1950540       8.226632      0.7671784
  0.1970856       8.088122      0.7780761
  0.1991383       7.942263      0.7881677
  0.2012125       7.789489      0.7974132
  0.2033082       7.630648      0.8058160
  0.2054258       7.466955      0.8134260
  0.2075654       7.299948      0.8203408
  0.2097273       7.131359      0.8266979
  0.2119117       6.963074      0.8326752
  0.2141189       6.796972      0.8384752
  0.2163491       6.634879      0.8443215
  0.2186024       6.478447      0.8504440
  0.2208793       6.329065      0.8570661
  0.2231799       6.187796      0.8643923
  0.2255044       6.055345      0.8725973
  0.2278532       5.932009      0.8818138
  0.2302264       5.817675      0.8921226
  0.2326243       5.711833      0.9035468
  0.2350472       5.613618      0.9160476
  0.2374954       5.521853      0.9295232
  0.2399690       5.435136      0.9438124
  0.2424684       5.351911      0.9587033
  0.2449938       5.270576      0.9739428
  0.2475456       5.189592      0.9892558
  0.2501237       5.107571       1.004358
  0.2527288       5.023360       1.018987
  0.2553611       4.936157       1.032912
  0.2580209       4.845517       1.045959
  0.2607083       4.751410       1.058027
  0.2634237       4.654181       1.069098
  0.2661674       4.554533       1.079241
  0.2689397       4.453448       1.088607
  0.2717409       4.352089       1.097419
  0.2745712       4.251709       1.105957
  0.2774310       4.153530       1.114531
  0.2803206       4.058636       1.123453
  0.2832403       3.967903       1.133016
  0.2861904       3.881907       1.143458
  0.2891712       3.800912       1.154949
  0.2921831       3.724840       1.167569
  0.2952263       3.653295       1.181299
  0.2983012       3.585618       1.196022
  0.3014082       3.520951       1.211533
  0.3045475       3.458329       1.227556
  0.3077196       3.396774       1.243775
  0.3109246       3.335402       1.259863
  0.3141631       3.273499       1.275521
  0.3174353       3.210589       1.290506
  0.3207415       3.146485       1.304671
  0.3240819       3.081276       1.317968
  0.3274574       3.015303       1.330471
  0.3308681       2.949115       1.342351
  0.3343142       2.883380       1.353868
  0.3377963       2.818793       1.365330
  0.3413146       2.755991       1.377058
  0.3448696       2.695471       1.389342
  0.3484616       2.637540       1.402406
  0.3520910       2.582279       1.416374
  0.3557582       2.529554       1.431260
  0.3594636       2.479042       1.446967
  0.3632076       2.430280       1.463293
  0.3669906       2.382748       1.479970
  0.3708130       2.335935       1.496703
  0.3746753       2.289410       1.513208
  0.3785777       2.242891       1.529267
  0.3825208       2.196255       1.544749
  0.3865050       2.149559       1.559640
  0.3905306       2.103003       1.574037
  0.3945982       2.056890       1.588130
  0.3987082       2.011562       1.602171
  0.4028609       1.967337       1.616419
  0.4070570       1.924457       1.631112
  0.4112966       1.883048       1.646406
  0.4155805       1.843104       1.662361
  0.4199086       1.804505       1.678929
  0.4242822       1.767031       1.695971
  0.4287013       1.730431       1.713282
  0.4331665       1.694457       1.730633
  0.4376782       1.658911       1.747823
  0.4422368       1.623682       1.764719
  0.4468429       1.588752       1.781274
  0.4514970       1.554191       1.797542
  0.4561996       1.520126       1.813653
  0.4609512       1.486711       1.829791
  0.4657522       1.454084       1.846139
  0.4706033       1.422336       1.862846
  0.4755049       1.391489       1.879986
  0.4804575       1.361506       1.897555
  0.4854618       1.332292       1.915466
  0.4905181       1.303728       1.933580
  0.4956271       1.275698       1.951745
  0.5007893       1.248115       1.969834
  0.5060053       1.220936       1.987779
  0.5112756       1.194167       2.005581
  0.5166008       1.167850       2.023309
  0.5219815       1.142047       2.041077
  0.5274183       1.116817       2.059006
  0.5329116       1.092197       2.077190
  0.5384622       1.068188       2.095672
  0.5440701       1.044766       2.114430
  0.5497369       1.021875       2.133399
  0.5554627      0.9994588       2.152481
  0.5612481      0.9774687       2.171588
  0.5670938      0.9558747       2.190662
  0.5730003      0.9346722       2.209702
  0.5789685      0.9138741       2.228748
  0.5849987      0.8935054       2.247873
  0.5910918      0.8735880       2.267156
  0.5972484      0.8541297       2.286644
  0.6034690      0.8351229       2.306350
  0.6097544      0.8165455       2.326243
  0.6161054      0.7983667       2.346266
  0.6225225      0.7805575       2.366355
  0.6290063      0.7630997       2.386472
  0.6355578      0.7459853       2.406608
  0.6421775      0.7292192       2.426796
  0.6488661      0.7128113       2.447089
  0.6556244      0.6967676       2.467534
  0.6624531      0.6810868       2.488157
  0.6693529      0.6657590       2.508951
  0.6763245      0.6507669       2.529885
  0.6833688      0.6360916       2.550909
  0.6904865      0.6217192       2.571992
  0.6976783      0.6076408       2.593119
  0.7049443      0.5938597       2.614317
  0.7122867      0.5803758       2.635625
  0.7197055      0.5671931       2.657084
  0.7272016      0.5543076       2.678708
  0.7347758      0.5417088       2.700476
  0.7424289      0.5293846       2.722361
  0.7501618      0.5173215       2.744323
  0.7579750      0.5055118       2.766341
  0.7658698      0.4939535       2.788436
  0.7738467      0.4826473       2.810636
  0.7819067      0.4715939       2.832976
  0.7900508      0.4607904       2.855475
  0.7982795      0.4502291       2.878117
  0.8065941      0.4398980       2.900862
  0.8149952      0.4297882       2.923678
  0.8234838      0.4198949       2.946563
  0.8320608      0.4102171       2.969537
  0.8407272      0.4007554       2.992640
  0.8494837      0.3915085       3.015895
  0.8583317      0.3824703       3.039296
  0.8672716      0.3736326       3.062810
  0.8763047      0.3649866       3.086400
  0.8854319      0.3565275       3.110058
  0.8946542      0.3482550       3.133811
  0.9039724      0.3401690       3.157695
  0.9133870      0.3322681       3.181728
  0.9229003      0.3245458       3.205903
  0.9325129      0.3169946       3.230177
  0.9422256      0.3096083       3.254522
  0.9520393      0.3023846       3.278945
  0.9619552      0.2953232       3.303483
  0.9719746      0.2884238       3.328171
  0.9820982      0.2816820       3.353002
  0.9923273      0.2750916       3.377941
   1.002663      0.2686466       3.402954
   1.013106      0.2623445       3.428047
   1.023658      0.2561848       3.453252
   1.034320      0.2501672       3.478606
   1.045093      0.2442878       3.504102
   1.055978      0.2385407       3.529698
   1.066977      0.2329213       3.555367
   1.078090      0.2274280       3.581121
   1.089319      0.2220607       3.607005
   1.100665      0.2168176       3.633037
   1.112129      0.2116947       3.659193
   1.123712      0.2066870       3.685434
   1.135416      0.2017917       3.711750
   1.147242      0.1970084       3.738180
   1.159191      0.1923363       3.764755
   1.171265      0.1877721       3.791461
   1.183463      0.1833120       3.818258
   1.195790      0.1789521       3.845132
   1.208245      0.1746923       3.872114
   1.220829      0.1705318       3.899239
   1.233545      0.1664681       3.926499
   1.246393      0.1624969       3.953846
   1.259374      0.1586159       3.981267
   1.272492      0.1548248       4.008808
   1.285745      0.1511226       4.036493
   1.299137      0.1475064       4.064299
   1.312668      0.1439727       4.092183
   1.326340      0.1405202       4.120155
   1.340155      0.1371486       4.148264
   1.354113      0.1338561       4.176507
   1.368217      0.1306397       4.204847
   1.382468      0.1274971       4.233264
   1.396867      0.1244279       4.261797
   1.411416      0.1214312       4.290477
   1.426117      0.1185043       4.319262
   1.440971      0.1156450       4.348125
   1.455979      0.1128523       4.377093
   1.471144      0.1101259       4.406207
   1.486467      0.1074633       4.435430
   1.501949      0.1048624       4.464732
   1.517593      0.1023225       4.494140
   1.533398      9.9843062E-02   4.523683
   1.549369      9.7421728E-02   4.553342
   1.565506      9.5056705E-02   4.583077
   1.581812      9.2747420E-02   4.612925
   1.598287      9.0493180E-02   4.642911
   1.614934      8.8291921E-02   4.672997
   1.631755      8.6142160E-02   4.703167
   1.648751      8.4043488E-02   4.733461
   1.665923      8.1994809E-02   4.763883
   1.683275      7.9994157E-02   4.794387
   1.700807      7.8040816E-02   4.824993
   1.718522      7.6134197E-02   4.855731
   1.736421      7.4272804E-02   4.886577
   1.754507      7.2455227E-02   4.917505
   1.772781      7.0681095E-02   4.948554
   1.791245      6.8949431E-02   4.979730
   1.809902      6.7258716E-02   5.010991
   1.828753      6.5608174E-02   5.042352
   1.847801      6.3997373E-02   5.073847
   1.867046      6.2424880E-02   5.105438
   1.886493      6.0889762E-02   5.137119
   1.906142      5.9391659E-02   5.168934
   1.925995      5.7929356E-02   5.200848
   1.946055      5.6501884E-02   5.232852
   1.966325      5.5108882E-02   5.264984
   1.986803      5.3749353E-02   5.297215
   2.007497      5.2422196E-02   5.329539
   2.028406      5.1127158E-02   5.361992
   2.049533      4.9863227E-02   5.394545
   2.070880      4.8629522E-02   5.427185
   2.092449      4.7425803E-02   5.459959
   2.114243      4.6250988E-02   5.492824
   2.136264      4.5104463E-02   5.525788
   2.158514      4.3985803E-02   5.558879
   2.180996      4.2894010E-02   5.592054
   2.203713      4.1828662E-02   5.625340
   2.226665      4.0789228E-02   5.658747
   2.249857      3.9774779E-02   5.692234
   2.273291      3.8785081E-02   5.725847
   2.296968      3.7819345E-02   5.759557
   2.320893      3.6877025E-02   5.793366
   2.345066      3.5957694E-02   5.827294
   2.369491      3.5060577E-02   5.861304
   2.394171      3.4185410E-02   5.895438
   2.419107      3.3331547E-02   5.929672
   2.444304      3.2498430E-02   5.964000
   2.469762      3.1685717E-02   5.998449
   2.495486      3.0892763E-02   6.032984
   2.521478      3.0119270E-02   6.067642
   2.547741      2.9364606E-02   6.102386
   2.574274      2.8628502E-02   6.137238
   2.601087      2.7910367E-02   6.172199
   2.628179      2.7209761E-02   6.207250
   2.655552      2.6526431E-02   6.242425
   2.683211      2.5859769E-02   6.277680
   2.711159      2.5209554E-02   6.313058
   2.739397      2.4575263E-02   6.348525
   2.767929      2.3956588E-02   6.384100
   2.796758      2.3353126E-02   6.419774
   2.825888      2.2764543E-02   6.455556
   2.855321      2.2190444E-02   6.491436
   2.885061      2.1630492E-02   6.527415
   2.915111      2.1084363E-02   6.563500
   2.945473      2.0551730E-02   6.599687
   2.976152      2.0032233E-02   6.635970
   3.007150      1.9525591E-02   6.672358
   3.038471      1.9031489E-02   6.708847
   3.070118      1.8549619E-02   6.745439
   3.102095      1.8079683E-02   6.782127
   3.134405      1.7621404E-02   6.818923
   3.167052      1.7174490E-02   6.855815
   3.200038      1.6738664E-02   6.892810
   3.233368      1.6313668E-02   6.929902
   3.267046      1.5899234E-02   6.967095
   3.301074      1.5495101E-02   7.004383
   3.335453      1.5101086E-02   7.041780
   3.370193      1.4716821E-02   7.079268
   3.405296      1.4342139E-02   7.116859
   3.440764      1.3976810E-02   7.154556
   3.476602      1.3620572E-02   7.192336
   3.512812      1.3273255E-02   7.230228
   3.549400      1.2934604E-02   7.268215
   3.586369      1.2604427E-02   7.306305
   3.623723      1.2282503E-02   7.344490
   3.661466      1.1968632E-02   7.382772
   3.699602      1.1662642E-02   7.421159
   3.738135      1.1364295E-02   7.459631
   3.777070      1.1073449E-02   7.498215
   3.816410      1.0789894E-02   7.536891
   3.856160      1.0513450E-02   7.575659
   3.896324      1.0243974E-02   7.614538
   3.936907      9.9812588E-03   7.653509
   3.977912      9.7251479E-03   7.692570
   4.019343      9.4754938E-03   7.731737
   4.061207      9.2321262E-03   7.771002
   4.103507      8.9948783E-03   7.810352
   4.146247      8.7636225E-03   7.849808
   4.189432      8.5381996E-03   7.889359
   4.233068      8.3184643E-03   7.929005
   4.277158      8.1042824E-03   7.968750
   4.321702      7.8955302E-03   8.008584
   4.366715      7.6920399E-03   8.048519
   4.412197      7.4936957E-03   8.088548
   4.458152      7.3003746E-03   8.128675
   4.504587      7.1119522E-03   8.168899
   4.551504      6.9283042E-03   8.209215
   4.598910      6.7493143E-03   8.249627
   4.646810      6.5748664E-03   8.290135
   4.695210      6.4048446E-03   8.330736
   4.744112      6.2391460E-03   8.371435
   4.793525      6.0776551E-03   8.412225
   4.843452      5.9202737E-03   8.453115
   4.893899      5.7668914E-03   8.494089
   4.944872      5.6174202E-03   8.535166
   4.996376      5.4717516E-03   8.576331
   5.048415      5.3297998E-03   8.617593
   5.100997      5.1914654E-03   8.658948
   5.154127      5.0566620E-03   8.700399
   5.207810      4.9252985E-03   8.741941
   5.262052      4.7972901E-03   8.783576
   5.316859      4.6725566E-03   8.825310
   5.372237      4.5510060E-03   8.867126
   5.428192      4.4325683E-03   8.909041
   5.484729      4.3171630E-03   8.951048
   5.541856      4.2047105E-03   8.993148
   5.599572      4.0951497E-03   9.035333
   5.657895      3.9883885E-03   9.077618
   5.716825      3.8843651E-03   9.119993
   5.776368      3.7830113E-03   9.162463
   5.836532      3.6842588E-03   9.205018
   5.897324      3.5880450E-03   9.247675
   5.958747      3.4943016E-03   9.290414
   6.020811      3.4029696E-03   9.333248
   6.083521      3.3139866E-03   9.376172
   6.146883      3.2272961E-03   9.419192
   6.210906      3.1428344E-03   9.462290
   6.275597      3.0605511E-03   9.505491
   6.340960      2.9803887E-03   9.548779
   6.407005      2.9022929E-03   9.592158
   6.473737      2.8262129E-03   9.635628
   6.541165      2.7520976E-03   9.679189
   6.609294      2.6798949E-03   9.722836
   6.678134      2.6095589E-03   9.766578
   6.747691      2.5410394E-03   9.810401
   6.817971      2.4742940E-03   9.854320
   6.888984      2.4092756E-03   9.898327
   6.960736      2.3459385E-03   9.942421
   7.033236      2.2842444E-03   9.986610
   7.106492      2.2241476E-03   10.03088
   7.180510      2.1656095E-03   10.07525
   7.255291      2.1085944E-03   10.11969
   7.330859      2.0530527E-03   10.16423
   7.407213      1.9989547E-03   10.20886
   7.484364      1.9462603E-03   10.25358
   7.562318      1.8949355E-03   10.29838
   7.641083      1.8449458E-03   10.34328
   7.720669      1.7962555E-03   10.38826
   7.801084      1.7488316E-03   10.43332
   7.882337      1.7026432E-03   10.47849
   7.964436      1.6576572E-03   10.52373
   8.047389      1.6138433E-03   10.56906
   8.131207      1.5711715E-03   10.61447
   8.215899      1.5296119E-03   10.65998
   8.301471      1.4891381E-03   10.70558
   8.387936      1.4497194E-03   10.75125
   8.475301      1.4113298E-03   10.79702
   8.563575      1.3739433E-03   10.84286
   8.652769      1.3375351E-03   10.88881
   8.742892      1.3020770E-03   10.93483
   8.833955      1.2675469E-03   10.98094
   8.925965      1.2339206E-03   11.02713
   9.018933      1.2011746E-03   11.07341
   9.112870      1.1692868E-03   11.11979
   9.207787      1.1382335E-03   11.16624
   9.303690      1.1079941E-03   11.21277
   9.400584      1.0785506E-03   11.25939
   9.498496      1.0498771E-03   11.30610
   9.597428      1.0219555E-03   11.35289
   9.697392      9.9476730E-04   11.39977
   9.798395      9.6829300E-04   11.44673
   9.900450      9.4251521E-04   11.49378
   10.00357      9.1741438E-04   11.54092
   10.10776      8.9297350E-04   11.58813
   10.21304      8.6917571E-04   11.63543
   10.31941      8.4600435E-04   11.68281
   10.42690      8.2344259E-04   11.73028
   10.53550      8.0147554E-04   11.77783
   10.64523      7.8008749E-04   11.82547
   10.75611      7.5926265E-04   11.87318
   10.86814      7.3898752E-04   11.92099
   10.98133      7.1924669E-04   11.96887
   11.09571      7.0002704E-04   12.01683
   11.21128      6.8131508E-04   12.06489
   11.32805      6.6309702E-04   12.11302
   11.44604      6.4536091E-04   12.16124
   11.56525      6.2809297E-04   12.20954
   11.68571      6.1128131E-04   12.25791
   11.80743      5.9491507E-04   12.30639
   11.93041      5.7898107E-04   12.35492
   12.05466      5.6347100E-04   12.40355
   12.18021      5.4837018E-04   12.45226
   12.30708      5.3366931E-04   12.50106
   12.43526      5.1935791E-04   12.54993
   12.56478      5.0542562E-04   12.59888
   12.69565      4.9186312E-04   12.64791
   12.82788      4.7866043E-04   12.69703
   12.96149      4.6580794E-04   12.74623
   13.09649      4.5329702E-04   12.79551
   13.23291      4.4111692E-04   12.84487
   13.37073      4.2926273E-04   12.89431
   13.51000      4.1772140E-04   12.94384
   13.65070      4.0648898E-04   12.99343
   13.79287      3.9555537E-04   13.04311
   13.93654      3.8491085E-04   13.09288
   14.08169      3.7455128E-04   13.14271
   14.22837      3.6446567E-04   13.19264
   14.37655      3.5465055E-04   13.24264
   14.52630      3.4509486E-04   13.29272
   14.67759      3.3579604E-04   13.34288
   14.83048      3.2674315E-04   13.39312
   14.98493      3.1793350E-04   13.44344
   15.14102      3.0935724E-04   13.49385
   15.29871      3.0101146E-04   13.54432
   15.45807      2.9288683E-04   13.59488
   15.61906      2.8498075E-04   13.64552
   15.78175      2.7728447E-04   13.69624
   15.94611      2.6979524E-04   13.74703
   16.11222      2.6250473E-04   13.79790
   16.28002      2.5541068E-04   13.84885
   16.44960      2.4850506E-04   13.89988
   16.62092      2.4178551E-04   13.95099
   16.79405      2.3524465E-04   14.00218
   16.96895      2.2887989E-04   14.05343
   17.14571      2.2268464E-04   14.10478
   17.32427      2.1665654E-04   14.15620
   17.50473      2.1078868E-04   14.20769
   17.68704      2.0507952E-04   14.25927
   17.87124      1.9952322E-04   14.31091
   18.05739      1.9411505E-04   14.36264
   18.24545      1.8885308E-04   14.41445
   18.43551      1.8373140E-04   14.46634
   18.62750      1.7874810E-04   14.51828
   18.82154      1.7389780E-04   14.57033
   19.01756      1.6917863E-04   14.62243
   19.21565      1.6458552E-04   14.67463
   19.41578      1.6011678E-04   14.72689
   19.61802      1.5576737E-04   14.77923
   19.82233      1.5153573E-04   14.83165
   20.02881      1.4741732E-04   14.88415
   20.23741      1.4341038E-04   14.93671
   20.44821      1.3951061E-04   14.98936
   20.66117      1.3571669E-04   15.04208
   20.87638      1.3202427E-04   15.09487
   21.09381      1.2843203E-04   15.14775
   21.31353      1.2493598E-04   15.20070
   21.53550      1.2153483E-04   15.25371
   21.75982      1.1822491E-04   15.30682
   21.98644      1.1500483E-04   15.35999
   22.21547      1.1187106E-04   15.41323
   22.44683      1.0882258E-04   15.46656
   22.68065      1.0585573E-04   15.51996
   22.91686      1.0296964E-04   15.57343
   23.15553      1.0016157E-04   15.62697
   23.39673      9.7428790E-05   15.68059
   23.64039      9.4770432E-05   15.73428
   23.88664      9.2183545E-05   15.78806
   24.13541      8.9667112E-05   15.84189
   24.38682      8.7218286E-05   15.89582
   24.64080      8.4836160E-05   15.94979
   24.89747      8.2518192E-05   16.00387
   25.15676      8.0263395E-05   16.05801
   25.41881      7.8069177E-05   16.11221
   25.68354      7.5934950E-05   16.16650
   25.95107      7.3858078E-05   16.22085
   26.22134      7.1837960E-05   16.27528
   26.49447      6.9872287E-05   16.32979
   26.77040      6.7960245E-05   16.38436
   27.04926      6.6099790E-05   16.43902
   27.33096      6.4290143E-05   16.49374
   27.61565      6.2529318E-05   16.54854
   27.90326      6.0816601E-05   16.60340
   28.19392      5.9150130E-05   16.65834
   28.48754      5.7529262E-05   16.71335
   28.78428      5.5952103E-05   16.76843
   29.08406      5.4418120E-05   16.82358
   29.38701      5.2925614E-05   16.87882
   29.69307      5.1473929E-05   16.93411
   30.00231      5.0061779E-05   16.98948
   30.31483      4.8687780E-05   17.04492
   30.63054      4.7351452E-05   17.10044
   30.94960      4.6051242E-05   17.15602
   31.27193      4.4786706E-05   17.21167
   31.59768      4.3556389E-05   17.26741
   31.92675      4.2359799E-05   17.32320
   32.25932      4.1195646E-05   17.37908
   32.59528      4.0063402E-05   17.43500
   32.93481      3.8961887E-05   17.49103
   33.27782      3.7890550E-05   17.54710
   33.62445      3.6848298E-05   17.60326
   33.97464      3.5834677E-05   17.65948
   34.32854      3.4848530E-05   17.71578
   34.68605      3.3889493E-05   17.77213
   35.04736      3.2956475E-05   17.82857
   35.41236      3.2049109E-05   17.88507
   35.78124      3.1166386E-05   17.94165
   36.15388      3.0307954E-05   17.99829
   36.53048      2.9472802E-05   18.05500
   36.91093      2.8660677E-05   18.11179
   37.29541      2.7870601E-05   18.16864
   37.68383      2.7102284E-05   18.22556
   38.07636      2.6354850E-05   18.28255
   38.47291      2.5628020E-05   18.33961
   38.87359      2.4921084E-05   18.39673
   39.27852      2.4233381E-05   18.45394
   39.68759      2.3564615E-05   18.51119
   40.10099      2.2914082E-05   18.56854
   40.51863      2.2281480E-05   18.62593
   40.94069      2.1666110E-05   18.68341
   41.36707      2.1067714E-05   18.74095
   41.79797      2.0485624E-05   18.79856
   42.23328      1.9919607E-05   18.85624
   42.67320      1.9369008E-05   18.91398
   43.11762      1.8833633E-05   18.97179
   43.56676      1.8312841E-05   19.02967
   44.02048      1.7806449E-05   19.08762
   44.47903      1.7313878E-05   19.14565
   44.94226      1.6834916E-05   19.20373
   45.41040      1.6369027E-05   19.26188
   45.88333      1.5916034E-05   19.32010
   46.36127      1.5475402E-05   19.37840
   46.84411      1.5046957E-05   19.43674
   47.33206      1.4630224E-05   19.49517
   47.82500      1.4225026E-05   19.55366
   48.32317      1.3830897E-05   19.61221
   48.82644      1.3447694E-05   19.67083
   49.33504      1.3074964E-05   19.72953
   49.84884      1.2712556E-05   19.78828
   50.36800      1.2360134E-05   19.84710
   50.89266      1.2017351E-05   19.90600
   51.42268      1.1684062E-05   19.96493
   51.95832      1.1359912E-05   20.02397
   52.49945      1.1044743E-05   20.08305
   53.04631      1.0738211E-05   20.14222
   53.59876      1.0440174E-05   20.20142
   54.15707      1.0150312E-05   20.26072
   54.72110      9.8684932E-06   20.32007
   55.29110      9.5943969E-06   20.37949
   55.86694      9.3279141E-06   20.43897
   56.44887      9.0687390E-06   20.49852
   57.03676      8.8167608E-06   20.55812
   57.63089      8.5717011E-06   20.61782
   58.23108      8.3334462E-06   20.67756
   58.83765      8.1017297E-06   20.73737
   59.45042      7.8764579E-06   20.79724
   60.06968      7.6573715E-06   20.85718
   60.69529      7.4443765E-06   20.91718
   61.32751      7.2372336E-06   20.97725
   61.96622      7.0358537E-06   21.03738
   62.61169      6.8400072E-06   21.09758
   63.26376      6.6496150E-06   21.15785
   63.92276      6.4644541E-06   21.21818
   64.58848      6.2844515E-06   21.27857
   65.26114      6.1094283E-06   21.33902
   65.94093      5.9392178E-06   21.39954
   66.62768      5.7737520E-06   21.46012
   67.32171      5.6128406E-06   21.52078
   68.02283      5.4564148E-06   21.58149
   68.73140      5.3042904E-06   21.64226
   69.44720      5.1564116E-06   21.70310
   70.17060      5.0126041E-06   21.76401
   70.90140      4.8728093E-06   21.82497
   71.63995      4.7368617E-06   21.88599
   72.38605      4.6047126E-06   21.94709
   73.14005      4.4762019E-06   22.00824
   73.90177      4.3512832E-06   22.06946
   74.67157      4.2298043E-06   22.13075
   75.44924      4.1117210E-06   22.19209
   76.23517      3.9968904E-06   22.25349
   77.02911      3.8852713E-06   22.31495
   77.83149      3.7767309E-06   22.37649
   78.64207      3.6712263E-06   22.43810
   79.46126      3.5686296E-06   22.49975
   80.28880      3.4689049E-06   22.56146
   81.12513      3.3719330E-06   22.62325
   81.97002      3.2776725E-06   22.68509
   82.82386      3.1860141E-06   22.74699
   83.68644      3.0969236E-06   22.80897
   84.55799      3.0103085E-06   22.87099
   85.43879      2.9260877E-06   22.93309
   86.32860      2.8442237E-06   22.99523
   87.22784      2.7646231E-06   23.05745
   88.13628      2.6872547E-06   23.11973
   89.05436      2.6120213E-06   23.18206
   89.98182      2.5388995E-06   23.24447
   90.91911      2.4677984E-06   23.30693
   91.86600      2.3986904E-06   23.36945
   92.82292      2.3314949E-06   23.43204
   93.78963      2.2661825E-06   23.49467
   94.76659      2.2026807E-06   23.55739
   95.75354      2.1409576E-06   23.62014
   96.75096      2.0809446E-06   23.68298
   97.75858      2.0226153E-06   23.74586
   98.77689      1.9659010E-06   23.80880
   99.80561      1.9107792E-06   23.87181
   100.8452      1.8571859E-06   23.93489
   101.8955      1.8050954E-06   23.99800
   102.9569      1.7544513E-06   24.06120
   104.0291      1.7052278E-06   24.12444
   105.1128      1.6573694E-06   24.18775
   106.2075      1.6108557E-06   24.25111
   107.3138      1.5656328E-06   24.31455
   108.4314      1.5216805E-06   24.37803
   109.5607      1.4789561E-06   24.44157
   110.7019      1.4374164E-06   24.50517
   111.8548      1.3970467E-06   24.56886
   113.0200      1.3577960E-06   24.63258
   114.1970      1.3196501E-06   24.69636
   115.3866      1.2825634E-06   24.76021
   116.5883      1.2465196E-06   24.82409
   117.8027      1.2114784E-06   24.88807
   119.0295      1.1774231E-06   24.95208
   120.2694      1.1443137E-06   25.01617
   121.5220      1.1121372E-06   25.08031
   122.7878      1.0808545E-06   25.14449
   124.0666      1.0504534E-06   25.20875
   125.3589      1.0208978E-06   25.27307
   126.6645      9.9217459E-07   25.33744
   127.9839      9.6425049E-07   25.40188
   129.3168      9.3711361E-07   25.46637
   130.6638      9.1073133E-07   25.53091
   132.0246      8.8509341E-07   25.59552
   133.3999      8.6016877E-07   25.66019
   134.7892      8.3594693E-07   25.72489
   136.1932      8.1239983E-07   25.78968
   137.6116      7.8951683E-07   25.85451
   139.0450      7.6727139E-07   25.91942
   140.4931      7.4565327E-07   25.98435
   141.9563      7.2464138E-07   26.04936
   143.4350      7.0421498E-07   26.11443
   144.9288      6.8436560E-07   26.17955
   146.4385      6.6506931E-07   26.24474
   147.9635      6.4631809E-07   26.30997
   149.5048      6.2808942E-07   26.37527
   151.0618      6.1037599E-07   26.44061
   152.6354      5.9315624E-07   26.50603
   154.2250      5.7642330E-07   26.57149
   155.8315      5.6015716E-07   26.63701
   157.4544      5.4435111E-07   26.70259
   159.0945      5.2898559E-07   26.76822
   160.7514      5.1405505E-07   26.83392
   162.4259      4.9954099E-07   26.89967
   164.1175      4.8543751E-07   26.96547
   165.8270      4.7172801E-07   27.03134
   167.5540      4.5840630E-07   27.09725
   169.2994      4.4545632E-07   27.16321
   171.0626      4.3287355E-07   27.22926
   172.8444      4.2064170E-07   27.29534
   174.6445      4.0875639E-07   27.36147
   176.4637      3.9720302E-07   27.42766
   178.3015      3.8597702E-07   27.49391
   180.1588      3.7506487E-07   27.56022
   182.0351      3.6446173E-07   27.62658
   183.9309      3.5415701E-07   27.69298
   185.8468      3.4414063E-07   27.75946
   187.7823      3.3440796E-07   27.82598
   189.7384      3.2494759E-07   27.89258
   191.7144      3.1575536E-07   27.95921
   193.7114      3.0682034E-07   28.02590
   195.7288      2.9813876E-07   28.09265
   197.7676      2.8970027E-07   28.15946
   199.8273      2.8150086E-07   28.22631
   201.9088      2.7353110E-07   28.29322
   204.0116      2.6578766E-07   28.36020
   206.1367      2.5826077E-07   28.42721
   208.2835      2.5094758E-07   28.49427
   210.4531      2.4383948E-07   28.56143
   212.6449      2.3693281E-07   28.62859
   214.8599      2.3021991E-07   28.69583
   217.0976      2.2369757E-07   28.76312
   219.3590      2.1735801E-07   28.83047
   221.6435      2.1119845E-07   28.89785
   223.9522      2.0521183E-07   28.96533
   226.2846      1.9939502E-07   29.03283
   228.6417      1.9374149E-07   29.10039
   231.0229      1.8824848E-07   29.16799
   233.4294      1.8290966E-07   29.23566
   235.8604      1.7772261E-07   29.30338
   238.3168      1.7268198E-07   29.37115
   240.7992      1.6778282E-07   29.43897
   243.3071      1.6302295E-07   29.50685
   245.8415      1.5839683E-07   29.57480
   248.4018      1.5390216E-07   29.64277
   250.9893      1.4953369E-07   29.71081
   253.6032      1.4528955E-07   29.77890
   256.2449      1.4116462E-07   29.84705
   258.9136      1.3715704E-07   29.91523
   261.6105      1.3326211E-07   29.98349
   264.3351      1.2947798E-07   30.05179
   267.0886      1.2580023E-07   30.12016
   269.8701      1.2222715E-07   30.18855
   272.6813      1.1875454E-07   30.25701
   275.5211      1.1538081E-07   30.32552
   278.3911      1.1210193E-07   30.39408
   281.2904      1.0891647E-07   30.46269
   284.2205      1.0582058E-07   30.53136
   287.1805      1.0281288E-07   30.60007
   290.1719      9.9889853E-08   30.66885
   293.1940      9.7050112E-08   30.73767
   296.2480      9.4290215E-08   30.80654
   299.3333      9.1609081E-08   30.87547
   302.4513      8.9003343E-08   30.94444
   305.6012      8.6471928E-08   31.01346
   308.7839      8.4012193E-08   31.08252
   312.0004      8.1621771E-08   31.15167
   315.2497      7.9299539E-08   31.22085
   318.5335      7.7042650E-08   31.29007
   321.8509      7.4850220E-08   31.35936
   325.2035      7.2719516E-08   31.42870
   328.5903      7.0649634E-08   31.49808
   332.0131      6.8637995E-08   31.56750
   335.4709      6.6683910E-08   31.63701
   338.9653      6.4784828E-08   31.70655
   342.4955      6.2939954E-08   31.77613
   346.0631      6.1147077E-08   31.84575
   349.6672      5.9405444E-08   31.91544
   353.3095      5.7712949E-08   31.98520
   356.9891      5.6068739E-08   32.05497
   360.7076      5.4470895E-08   32.12480
   364.4643      5.2918740E-08   32.19469
   368.2607      5.1410364E-08   32.26464
   372.0960      4.9945111E-08   32.33463
   375.9719      4.8521162E-08   32.40465
   379.8875      4.7137970E-08   32.47475
   383.8446      4.5793779E-08   32.54488
   387.8422      4.4488026E-08   32.61506
   391.8821      4.3219121E-08   32.68528
   395.9634      4.1986524E-08   32.75556
   400.0872      4.0788962E-08   32.82590
   404.2547      3.9625231E-08   32.89629
   408.4649      3.8494765E-08   32.96672
   412.7197      3.7396227E-08   33.03719
   417.0180      3.6329148E-08   33.10773
   421.3618      3.5292221E-08   33.17832
   425.7501      3.4284941E-08   33.24893
   430.1850      3.3306129E-08   33.31960
   434.6652      3.2355373E-08   33.39034
   439.1928      3.1431483E-08   33.46112
   443.7668      3.0534032E-08   33.53193
   448.3894      2.9661949E-08   33.60280
   453.0592      2.8814853E-08   33.67372
   457.7784      2.7991719E-08   33.74469
   462.5460      2.7192163E-08   33.81570
   467.3641      2.6415218E-08   33.88676
   472.2315      2.5660544E-08   33.95788
   477.1505      2.4927196E-08   34.02903
   482.1198      2.4214897E-08   34.10025
   487.1419      2.3522739E-08   34.17151
   492.2152      2.2850422E-08   34.24280
   497.3424      2.2197129E-08   34.31414
   502.5220      2.1562578E-08   34.38553
   507.7565      2.0945999E-08   34.45700
   513.0446      2.0347100E-08   34.52850
   518.3878      1.9765242E-08   34.60001
   523.7875      1.9199888E-08   34.67160
   529.2425      1.8650745E-08   34.74323
   534.7554      1.8117156E-08   34.81492
   540.3246      1.7598886E-08   34.88666
   545.9529      1.7095285E-08   34.95842
   551.6388      1.6606142E-08   35.03023
   557.3849      1.6130867E-08   35.10211
   563.1898      1.5669237E-08   35.17403
   569.0563      1.5220680E-08   35.24599
   574.9828      1.4785012E-08   35.31800
   580.9722      1.4361683E-08   35.39005
   587.0227      1.3950522E-08   35.46215
   593.1375      1.3551015E-08   35.53429
   599.3147      1.3162993E-08   35.60650
   605.5574      1.2785967E-08   35.67874
   611.8641      1.2419767E-08   35.75101
   618.2375      1.2063969E-08   35.82335
   624.6762      1.1718392E-08   35.89573
   631.1832      1.1382613E-08   35.96815
   637.7567      1.1056487E-08   36.04062
   644.3999      1.0739624E-08   36.11315
   651.1110      1.0431866E-08   36.18571
   657.8934      1.0132843E-08   36.25832
   664.7451      9.8424211E-09   36.33098
   671.6681      9.5602894E-09   36.40366
   678.6645      9.2861754E-09   36.47641
   685.7325      9.0199404E-09   36.54919
   692.8754      8.7612690E-09   36.62203
   700.0914      8.5100380E-09   36.69490
   707.3840      8.2659470E-09   36.76784
   714.7510      8.0288771E-09   36.84081
   722.1962      7.7985467E-09   36.91384
   729.7177      7.5748359E-09   36.98688
   737.3187      7.3574857E-09   37.05997
   744.9976      7.1463910E-09   37.13311
   752.7579      6.9413044E-09   37.20633
   760.5975      6.7421149E-09   37.27956
   768.5203      6.5485883E-09   37.35284
   776.5240      6.3606391E-09   37.42617
   784.6127      6.1780323E-09   37.49955
   792.7842      6.0006839E-09   37.57297
   801.0422      5.8283791E-09   37.64643
   809.3846      5.6610370E-09   37.71992
   817.8157      5.4984541E-09   37.79348
   826.3329      5.3405564E-09   37.86705
   834.9404      5.1871516E-09   37.94069
   843.6360      5.0381694E-09   38.01438
   852.4237      4.8934252E-09   38.08811
   861.3013      4.7528550E-09   38.16188
   870.2714      4.6163091E-09   38.23569
   879.3366      4.4836455E-09   38.30951
   888.4944      4.3548161E-09   38.38344
   897.7495      4.2296469E-09   38.45736
   907.0992      4.1080912E-09   38.53136
   916.5479      3.9899977E-09   38.60540
   926.0934      3.8753050E-09   38.67944
   935.7401      3.7638843E-09   38.75359
   945.4854      3.6556740E-09   38.82771
   955.3341      3.5505496E-09   38.90194
   965.2834      3.4484549E-09   38.97616
   975.3384      3.3492704E-09   39.05045
   985.4960      3.2529504E-09   39.12479
   995.7615      3.1593714E-09   39.19914
   1006.132      3.0684952E-09   39.27355
   1016.612      2.9802101E-09   39.34802
   1027.200      2.8944740E-09   39.42252
   1037.900      2.8111786E-09   39.49704
   1048.709      2.7302929E-09   39.57164
   1059.633      2.6517106E-09   39.64627
   1070.669      2.5753975E-09   39.72092
   1081.821      2.5012628E-09   39.79566
   1093.088      2.4292679E-09   39.87039
   1104.474      2.3593263E-09   39.94518
   1115.977      2.2914064E-09   40.02003
   1127.599      2.2254354E-09   40.09489
   1139.345      2.1613462E-09   40.16980
   1151.211      2.0991098E-09   40.24476
   1163.202      2.0386508E-09   40.31978
   1175.316      1.9799378E-09   40.39483
   1187.559      1.9228996E-09   40.46990
   1199.927      1.8675108E-09   40.54501
   1212.426      1.8137042E-09   40.62020
   1225.053      1.7614523E-09   40.69540
   1237.814      1.7106921E-09   40.77065
   1250.705      1.6614011E-09   40.84595
   1263.733      1.6135163E-09   40.92127
   1276.894      1.5670171E-09   40.99665
   1290.195      1.5218454E-09   41.07205
   1303.632      1.4779812E-09   41.14751
   1317.211      1.4353702E-09   41.22303
   1330.929      1.3939909E-09   41.29854
   1344.793      1.3537949E-09   41.37414
   1358.798      1.3147614E-09   41.44974
   1372.952      1.2768430E-09   41.52539
   1387.251      1.2400231E-09   41.60110
   1401.701      1.2042550E-09   41.67683
   1416.299      1.1695224E-09   41.75261
   1431.052      1.1357830E-09   41.82845
   1445.956      1.1030201E-09   41.90430
   1461.015      1.0711988E-09   41.98016
   1476.234      1.0402891E-09   42.05614
